 +14,   -13,    +5,-32768,A
:BS,   +19,    +0,    +5,A
:BE,   +19,    +0,    +5,A
:BD,      -16.69,       +16.88,        +0.01,   1.15,  0.00
:SA,   +0.00,   +0.00,  0.00
:TS,04011015280062, 0.0, +30.9,   0.0,1511.4,  0
:BI,    +3,   -17,    -8,-32768,A
:BS,   +14,   -10,    -8,A
:BE,   +14,   -10,    -8,A
:BD,      -16.68,       +16.88,        +0.01,   1.16,  0.00
:SA,   +0.00,   +0.00,  0.00
:TS,04011015280089, 0.0, +30.9,   0.0,1511.4,  0
:BI,    +4,   -18,   -11,-32768,A
:BS,   +15,   -10,   -11,A
:BE,   +15,   -10,   -11,A
:BD,      -16.68,       +16.88,        +0.01,   1.16,  0.00
:SA,   +0.00,   +0.00,  0.00
:TS,04011015280112, 0.0, +30.9,   0.0,1511.4,  0
:BI,   +12,    -9,    -6,-32768,A
:BS,   +15,    +2,    -6,A
:BE,   +15,    +2,    -6,A
:BD,      -16.68,       +16.88,        +0.00,   1.13,  0.00
:SA,   +0.00,   +0.00,  0.00
:TS,04011015280135, 0.0, +30.9,   0.0,1511.4,  0
:BI,   +17,    +7,    +0,-32768,A
:BS,    +7,   +17,    +0,A
:BE,    +7,   +17,    +0,A
:BD,      -16.67,       +16.88,        +0.00,   1.13,  0.00
:SA,   +0.00,   +0.00,  0.00
:TS,04011015280159, 0.0, +30.9,   0.0,1511.4,  0
:BI,-32768,-32768,-32768,-32768,V
:BS,-32768,-32768,-32768,V
:BE,-32768,-32768,-32768,V
:BD,      -16.67,       +16.88,        +0.00,   0.00,  0.24
:SA,   +0.00,   +0.00,  0.00
:TS,04011015280183, 0.0, +30.9,   0.0,1511.4,  0
:BI,-32768,-32768,-32768,-32768,V
:BS,-32768,-32768,-32768,V
:BE,-32768,-32768,-32768,V
:BD,      -16.67,       +16.88,        +0.00,   0.00,  0.48
:SA,   +0.00,   +0.00,  0.00
:TS,04011015280207, 0.0, +30.9,   0.0,1511.4,  0
:BI,   +22,   -12,    +1,    +3,A
:BS,   +24,    +7,    +1,A
:BE,   +24,    +7,    +1,A
:BD,      -16.67,       +16.88,        +0.00,   1.13,  0.00
:SA,   +0.00,   +0.00,  0.00
:TS,04011015280234, 0.0, +30.9,   0.0,1511.4,  0
:BI,   +13,   -14,    -2,-32768,A
:BS,   +19,    +0,    -2,A
:BE,   +19,    +0,    -2,A
:BD,      -16.66,       +16.88,        +0.00,   1.14,  0.00
:SA,   +0.00,   +0.00,  0.00
:TS,04011015280257, 0.0, +30.9,   0.0,1511.4,  0
:BI,-32768,-32768,-32768,-32768,V
:BS,-32768,-32768,-32768,V
:BE,-32768,-32768,-32768,V
:BD,      -16.66,       +16.88,        +0.00,   0.00,  0.23
:SA,   +0.00,   +0.00,  0.00
:TS,04011015280279, 0.0, +30.9,   0.0,1511.4,  0
:BI,    +5,   -11,    -4,-32768,A
:BS,   +11,    -4,    -4,A
:BE,   +11,    -4,    -4,A
:BD,      -16.66,       +16.88,        +0.00,   1.15,  0.00
:SA,   +0.00,   +0.00,  0.00
:TS,04011015280303, 0.0, +30.9,   0.0,1511.4,  0
:BI,   +13,    -3,    +5,-32768,A
:BS,   +11,    +7,    +5,A
:BE,   +11,    +7,    +5,A
:BD,      -16.66,       +16.88,        +0.00,   1.13,  0.00
:SA,   +0.00,   +0.00,  0.00
:TS,04011015280328, 0.0, +30.9,   0.0,1511.4,  0
:BI,   +33,    +0,    +6,    +0,A
:BS,   +23,   +24,    +6,A
:BE,   +23,   +24,    +6,A
:BD,      -16.65,       +16.88,        +0.00,   1.15,  0.00
:SA,   +0.00,   +0.00,  0.00
:TS,04011015280352, 0.0, +30.9,   0.0,1511.4,  0
:BI,   +14,    -3,    -5,-32768,A
:BS,   +12,    +8,    -5,A
:BE,   +12,    +8,    -5,A
:BD,      -16.65,       +16.89,        +0.00,   1.15,  0.00
:SA,   +0.00,   +0.00,  0.00
:TS,04011015280378, 0.0, +30.9,   0.0,1511.4,  0
:BI,-32768,-32768,-32768,-32768,V
:BS,-32768,-32768,-32768,V
:BE,-32768,-32768,-32768,V
:BD,      -16.65,       +16.89,        +0.00,   0.00,  0.26
:SA,   +0.00,   +0.00,  0.00
:TS,04011015280401, 0.0, +30.9,   0.0,1511.4,  0
:BI,   +14,    -5,    +3,-32768,A
:BS,   +13,    +6,    +3,A
:BE,   +13,    +6,    +3,A
:BD,      -16.65,       +16.89,        +0.00,   1.16,  0.00
:SA,   +0.00,   +0.00,  0.00
:TS,04011015280424, 0.0, +30.9,   0.0,1511.4,  0
:BI,-32768,-32768,-32768,-32768,V
:BS,-32768,-32768,-32768,V
:BE,-32768,-32768,-32768,V
:BD,      -16.64,       +16.89,        +0.00,   0.00,  0.23
:SA,   +0.00,   +0.00,  0.00
:TS,04011015280448, 0.0, +30.9,   0.0,1511.4,  0
:BI,   -10,+32768,    -2,-32768,A
:BS,-23178,+23163,    -2,A
:BE,-23178,+23163,    -2,A
:BD,      -18.03,       +18.28,        +0.00,   1.17,  0.00
:SA,   +0.00,   +0.00,  0.00
:TS,04011015280472, 0.0, +30.9,   0.0,1511.4,  0
:BI,-32768,-32768,-32768,-32768,V
:BS,-32768,-32768,-32768,V
:BE,-32768,-32768,-32768,V
:BD,      -19.08,       +19.32,        +0.00,   0.00,  0.24
:SA,   +0.00,   +0.00,  0.00
:TS,04011015280496, 0.0, +30.9,   0.0,1511.4,  0
:BI,-32768,-32768,-32768,-32768,V
:BS,-32768,-32768,-32768,V
:BE,-32768,-32768,-32768,V
:BD,      -19.86,       +20.10,        +0.00,   0.00,  0.48
:SA,   +0.00,   +0.00,  0.00
:TS,04011015280523, 0.0, +30.9,   0.0,1511.4,  0
:BI,-32768,-32768,-32768,-32768,V
:BS,-32768,-32768,-32768,V
:BE,-32768,-32768,-32768,V
:BD,      -20.52,       +20.76,        +0.00,   0.00,  0.75
:SA,   +0.00,   +0.00,  0.00
:TS,04011015280546, 0.0, +30.9,   0.0,1511.4,  0
:BI,-32768,-32768,-32768,-32768,V
:BS,-32768,-32768,-32768,V
:BE,-32768,-32768,-32768,V
:BD,      -20.94,       +21.19,        +0.00,   0.00,  0.98
:SA,   +0.00,   +0.00,  0.00
:TS,04011015280568, 0.0, +30.9,   0.0,1511.4,  0
:BI,-32768,-32768,-32768,-32768,V
:BS,-32768,-32768,-32768,V
:BE,-32768,-32768,-32768,V
:BD,      -21.24,       +21.49,        +0.00,   0.00,  1.20
:SA,   +0.00,   +0.00,  0.00
:TS,04011015280593, 0.0, +30.9,   0.0,1511.4,  0
:BI,-32768,-32768,-32768,-32768,V
:BS,-32768,-32768,-32768,V
:BE,-32768,-32768,-32768,V
:BD,      -21.50,       +21.75,        +0.00,   0.00,  1.45
:SA,   +0.00,   +0.00,  0.00
:TS,04011015280617, 0.0, +30.9,   0.0,1511.4,  0
:BI,-32768,-32768,-32768,-32768,V
:BS,-32768,-32768,-32768,V
:BE,-32768,-32768,-32768,V
:BD,      -21.68,       +21.93,        +0.00,   0.00,  1.69
:SA,   +0.00,   +0.00,  0.00
:TS,04011015280641, 0.0, +30.9,   0.0,1511.4,  0
:BI,-32768,-32768,-32768,-32768,V
:BS,-32768,-32768,-32768,V
:BE,-32768,-32768,-32768,V
:BD,      -21.82,       +22.07,        +0.00,   0.00,  1.93
:SA,   +0.00,   +0.00,  0.00
:TS,04011015280668, 0.0, +30.9,   0.0,1511.4,  0
:BI,-32768,-32768,-32768,-32768,V
:BS,-32768,-32768,-32768,V
:BE,-32768,-32768,-32768,V
:BD,      -21.94,       +22.19,        +0.00,   0.00,  2.20
:SA,   +0.00,   +0.00,  0.00
:TS,04011015280691, 0.0, +30.9,   0.0,1511.4,  0
:BI,-32768,-32768,-32768,-32768,V
:BS,-32768,-32768,-32768,V
:BE,-32768,-32768,-32768,V
:BD,      -22.01,       +22.26,        +0.00,   0.00,  2.43
:SA,   +0.00,   +0.00,  0.00
:TS,04011015280713, 0.0, +30.9,   0.0,1511.4,  0
:BI,-32768,-32768,-32768,-32768,V
:BS,-32768,-32768,-32768,V
:BE,-32768,-32768,-32768,V
:BD,      -22.07,       +22.32,        +0.00,   0.00,  2.65
:SA,   +0.00,   +0.00,  0.00
:TS,04011015280737, 0.0, +30.9,   0.0,1511.4,  0
:BI,-32768,-32768,-32768,-32768,V
:BS,-32768,-32768,-32768,V
:BE,-32768,-32768,-32768,V
:BD,      -22.11,       +22.36,        +0.00,   0.00,  2.89
:SA,   +0.00,   +0.00,  0.00
:TS,04011015280761, 0.0, +30.9,   0.0,1511.4,  0
:BI,-32768,-32768,-32768,-32768,V
:BS,-32768,-32768,-32768,V
:BE,-32768,-32768,-32768,V
:BD,      -22.14,       +22.39,        +0.00,   0.00,  3.13
:SA,   +0.00,   +0.00,  0.00
:TS,04011015280785, 0.0, +30.9,   0.0,1511.4,  0
:BI,-32768,-32768,-32768,-32768,V
:BS,-32768,-32768,-32768,V
:BE,-32768,-32768,-32768,V
:BD,      -22.17,       +22.42,        +0.00,   0.00,  3.37
:SA,   +0.00,   +0.00,  0.00
:TS,04011015280812, 0.0, +30.9,   0.0,1511.4,  0
:BI,-32768,-32768,-32768,-32768,V
:BS,-32768,-32768,-32768,V
:BE,-32768,-32768,-32768,V
:BD,      -22.19,       +22.44,        +0.00,   0.00,  3.64
:SA,   +0.00,   +0.00,  0.00
:TS,04011015280835, 0.0, +30.9,   0.0,1511.4,  0
:BI,-32768,-32768,-32768,-32768,V
:BS,-32768,-32768,-32768,V
:BE,-32768,-32768,-32768,V
:BD,      -22.20,       +22.45,        +0.00,   0.00,  3.87
:SA,   +0.00,   +0.00,  0.00
:TS,04011015280859, 0.0, +30.9,   0.0,1511.4,  0
:BI,-32768,-32768,-32768,-32768,V
:BS,-32768,-32768,-32768,V
:BE,-32768,-32768,-32768,V
:BD,      -22.21,       +22.46,        +0.00,   0.00,  4.11
:SA,   +0.00,   +0.00,  0.00
:TS,04011015280882, 0.0, +30.9,   0.0,1511.4,  0
:BI,-32768,-32768,-32768,-32768,V
:BS,-32768,-32768,-32768,V
:BE,-32768,-32768,-32768,V
:BD,      -22.22,       +22.47,        +0.00,   0.00,  4.34
:SA,   +0.00,   +0.00,  0.00
:TS,04011015280906, 0.0, +30.9,   0.0,1511.4,  0
:BI,-32768,-32768,-32768,-32768,V
:BS,-32768,-32768,-32768,V
:BE,-32768,-32768,-32768,V
:BD,      -22.23,       +22.48,        +0.00,   0.00,  4.58
:SA,   +0.00,   +0.00,  0.00
:TS,04011015280930, 0.0, +30.9,   0.0,1511.4,  0
:BI,   +19,    -9,    +8,-32768,A
:BS,   +20,    +7,    +8,A
:BE,   +20,    +7,    +8,A
:BD,      -22.23,       +22.48,        +0.00,   1.14,  0.00
:SA,   +0.00,   +0.00,  0.00
:TS,04011015280956, 0.0, +30.9,   0.0,1511.4,  0
:BI,   +16,    +1,    +4,-32768,A
:BS,   +11,   +12,    +4,A
:BE,   +11,   +12,    +4,A
:BD,      -22.23,       +22.49,        +0.00,   1.12,  0.00
:SA,   +0.00,   +0.00,  0.00
:TS,04011015280979, 0.0, +30.9,   0.0,1511.4,  0
:BI,    +9,    +8,    -6,-32768,A
:BS,    +0,   +12,    -6,A
:BE,    +0,   +12,    -6,A
:BD,      -22.23,       +22.49,        +0.00,   1.12,  0.00
:SA,   +0.00,   +0.00,  0.00
:TS,04011015281002, 0.0, +30.9,   0.0,1511.4,  0
:BI,    +4,    +8,   -13,-32768,A
:BS,    -3,    +8,   -13,A
:BE,    -3,    +8,   -13,A
:BD,      -22.23,       +22.49,        +0.00,   1.12,  0.00
:SA,   +0.00,   +0.00,  0.00
:TS,04011015281026, 0.0, +30.9,   0.0,1511.4,  0
:BI,   +10,    -9,    -9,    +5,A
:BS,   +13,    +0,    -9,A
:BE,   +13,    +0,    -9,A
:BD,      -22.23,       +22.50,        +0.00,   1.12,  0.00
:SA,   +0.00,   +0.00,  0.00
:TS,04011015281050, 0.0, +30.9,   0.0,1511.4,  0
:BI,    +2,   -13,    -5,-32768,A
:BS,   +11,    -8,    -5,A
:BE,   +11,    -8,    -5,A
:BD,      -22.23,       +22.50,        +0.00,   1.13,  0.00
:SA,   +0.00,   +0.00,  0.00
:TS,04011015281075, 0.0, +30.9,   0.0,1511.4,  0
:BI,   +18,    -7,    +4,-32768,A
:BS,   +18,    +8,    +4,A
:BE,   +18,    +8,    +4,A
:BD,      -22.23,       +22.50,        +0.00,   1.13,  0.00
:SA,   +0.00,   +0.00,  0.00
:TS,04011015281101, 0.0, +30.9,   0.0,1511.4,  0
:BI,   +25,    +0,    +3,-32768,A
:BS,   +18,   +18,    +3,A
:BE,   +18,   +18,    +3,A
:BD,      -22.23,       +22.50,       -0.00,   1.13,  0.00
:SA,   +0.00,   +0.00,  0.00
:TS,04011015281124, 0.0, +30.9,   0.0,1511.4,  0
:BI,   +41,    +0,    +0,    +0,A
:BS,   +29,   +29,    +0,A
:BE,   +29,   +29,    +0,A
:BD,      -22.23,       +22.51,       -0.00,   1.11,  0.00
:SA,   +0.00,   +0.00,  0.00
:TS,04011015281147, 0.0, +30.9,   0.0,1511.4,  0
:BI,-32768,-32768,-32768,-32768,V
:BS,-32768,-32768,-32768,V
:BE,-32768,-32768,-32768,V
:BD,      -22.22,       +22.51,       -0.00,   0.00,  0.23
:SA,   +0.00,   +0.00,  0.00
:TS,04011015281171, 0.0, +30.9,   0.0,1511.4,  0
:BI,-32768,-32768,-32768,-32768,V
:BS,-32768,-32768,-32768,V
:BE,-32768,-32768,-32768,V
:BD,      -22.22,       +22.51,       -0.00,   0.00,  0.47
:SA,   +0.00,   +0.00,  0.00
:TS,04011015281195, 0.0, +30.9,   0.0,1511.4,  0
:BI,-32768,-32768,-32768,-32768,V
:BS,-32768,-32768,-32768,V
:BE,-32768,-32768,-32768,V
:BD,      -22.22,       +22.51,       -0.00,   0.00,  0.71
:SA,   +0.00,   +0.00,  0.00
:TS,04011015281219, 0.0, +30.9,   0.0,1511.4,  0
:BI,-32768,-32768,-32768,-32768,V
:BS,-32768,-32768,-32768,V
:BE,-32768,-32768,-32768,V
:BD,      -22.22,       +22.51,       -0.00,   0.00,  0.95
:SA,   +0.00,   +0.00,  0.00
:TS,04011015281245, 0.0, +30.9,   0.0,1511.4,  0
:BI,-32768,-32768,-32768,-32768,V
:BS,-32768,-32768,-32768,V
:BE,-32768,-32768,-32768,V
:BD,      -22.22,       +22.51,       -0.00,   0.00,  1.21
:SA,   +0.00,   +0.00,  0.00
:TS,04011015281268, 0.0, +30.9,   0.0,1511.4,  0
:BI,-32768,-32768,-32768,-32768,V
:BS,-32768,-32768,-32768,V
:BE,-32768,-32768,-32768,V
:BD,      -22.22,       +22.51,       -0.00,   0.00,  1.44
:SA,   +0.00,   +0.00,  0.00
:TS,04011015281291, 0.0, +30.9,   0.0,1511.4,  0
:BI,-32768,-32768,-32768,-32768,V
:BS,-32768,-32768,-32768,V
:BE,-32768,-32768,-32768,V
:BD,      -22.22,       +22.51,       -0.00,   0.00,  1.67
:SA,   +0.00,   +0.00,  0.00
:TS,04011015281315, 0.0, +30.9,   0.0,1511.4,  0
:BI,-32768,-32768,-32768,-32768,V
:BS,-32768,-32768,-32768,V
:BE,-32768,-32768,-32768,V
:BD,      -22.22,       +22.51,       -0.00,   0.00,  1.91
:SA,   +0.00,   +0.00,  0.00
:TS,04011015281339, 0.0, +30.9,   0.0,1511.4,  0
:BI,-32768,-32768,-32768,-32768,V
:BS,-32768,-32768,-32768,V
:BE,-32768,-32768,-32768,V
:BD,      -22.22,       +22.52,       -0.00,   0.00,  2.15
:SA,   +0.00,   +0.00,  0.00
:TS,04011015281363, 0.0, +30.9,   0.0,1511.4,  0
:BI,-32768,-32768,-32768,-32768,V
:BS,-32768,-32768,-32768,V
:BE,-32768,-32768,-32768,V
:BD,      -22.22,       +22.52,       -0.00,   0.00,  2.39
:SA,   +0.00,   +0.00,  0.00
:TS,04011015281389, 0.0, +30.9,   0.0,1511.4,  0
:BI,-32768,-32768,-32768,-32768,V
:BS,-32768,-32768,-32768,V
:BE,-32768,-32768,-32768,V
:BD,      -22.22,       +22.52,       -0.00,   0.00,  2.65
:SA,   +0.00,   +0.00,  0.00
:TS,04011015281412, 0.0, +30.9,   0.0,1511.4,  0
:BI,-32768,-32768,-32768,-32768,V
:BS,-32768,-32768,-32768,V
:BE,-32768,-32768,-32768,V
:BD,      -22.22,       +22.52,       -0.00,   0.00,  2.88
:SA,   +0.00,   +0.00,  0.00
:TS,04011015281435, 0.0, +30.9,   0.0,1511.4,  0
:BI,-32768,-32768,-32768,-32768,V
:BS,-32768,-32768,-32768,V
:BE,-32768,-32768,-32768,V
:BD,      -22.22,       +22.52,       -0.00,   0.00,  3.11
:SA,   +0.00,   +0.00,  0.00
:TS,04011015281459, 0.0, +30.9,   0.0,1511.4,  0
:BI,-32768,-32768,-32768,-32768,V
:BS,-32768,-32768,-32768,V
:BE,-32768,-32768,-32768,V
:BD,      -22.22,       +22.52,       -0.00,   0.00,  3.35
:SA,   +0.00,   +0.00,  0.00
:TS,04011015281484, 0.0, +30.9,   0.0,1511.4,  0
:BI,-32768,-32768,-32768,-32768,V
:BS,-32768,-32768,-32768,V
:BE,-32768,-32768,-32768,V
:BD,      -22.22,       +22.52,       -0.00,   0.00,  3.60
:SA,   +0.00,   +0.00,  0.00
:TS,04011015281507, 0.0, +30.9,   0.0,1511.4,  0
:BI,-32768,-32768,-32768,-32768,V
:BS,-32768,-32768,-32768,V
:BE,-32768,-32768,-32768,V
:BD,      -22.22,       +22.52,       -0.00,   0.00,  3.83
:SA,   +0.00,   +0.00,  0.00
:TS,04011015281533, 0.0, +30.9,   0.0,1511.4,  0
:BI,-32768,-32768,-32768,-32768,V
:BS,-32768,-32768,-32768,V
:BE,-32768,-32768,-32768,V
:BD,      -22.22,       +22.52,       -0.00,   0.00,  4.09
:SA,   +0.00,   +0.00,  0.00
:TS,04011015281556, 0.0, +30.9,   0.0,1511.4,  0
:BI,-32768,-32768,-32768,-32768,V
:BS,-32768,-32768,-32768,V
:BE,-32768,-32768,-32768,V
:BD,      -22.22,       +22.52,       -0.00,   0.00,  4.32
:SA,   +0.00,   +0.00,  0.00
:TS,04011015281579, 0.0, +30.9,   0.0,1511.4,  0
:BI,-32768,-32768,-32768,-32768,V
:BS,-32768,-32768,-32768,V
:BE,-32768,-32768,-32768,V
:BD,      -22.22,       +22.52,       -0.00,   0.00,  4.55
:SA,   +0.00,   +0.00,  0.00
:TS,04011015281603, 0.0, +30.9,   0.0,1511.4,  0
:BI,-32768,-32768,-32768,-32768,V
:BS,-32768,-32768,-32768,V
:BE,-32768,-32768,-32768,V
:BD,      -22.22,       +22.52,       -0.00,   0.00,  4.79
:SA,   +0.00,   +0.00,  0.00
:TS,04011015281627, 0.0, +30.9,   0.0,1511.4,  0
:BI,-32768,-32768,-32768,-32768,V
:BS,-32768,-32768,-32768,V
:BE,-32768,-32768,-32768,V
:BD,      -22.22,       +22.52,       -0.00,   0.00,  5.03
:SA,   +0.00,   +0.00,  0.00
:TS,04011015281651, 0.0, +30.9,   0.0,1511.4,  0
:BI,-32768,-32768,-32768,-32768,V
:BS,-32768,-32768,-32768,V
:BE,-32768,-32768,-32768,V
:BD,      -22.22,       +22.52,       -0.00,   0.00,  5.27
:SA,   +0.00,   +0.00,  0.00
:TS,04011015281677, 0.0, +30.9,   0.0,1511.4,  0
:BI,-32768,-32768,-32768,-32768,V
:BS,-32768,-32768,-32768,V
:BE,-32768,-32768,-32768,V
:BD,      -22.22,       +22.52,       -0.00,   0.00,  5.53
:SA,   +0.00,   +0.00,  0.00
:TS,04011015281700, 0.0, +30.9,   0.0,1511.4,  0
:BI,-32768,-32768,-32768,-32768,V
:BS,-32768,-32768,-32768,V
:BE,-32768,-32768,-32768,V
:BD,      -22.22,       +22.52,       -0.00,   0.00,  5.76
:SA,   +0.00,   +0.00,  0.00
:TS,04011015281723, 0.0, +30.9,   0.0,1511.4,  0
:BI,   +10,    +8,   -11,-32768,A
:BS,    +0,   +13,   -11,A
:BE,    +0,   +13,   -11,A
:BD,      -22.22,       +22.52,       -0.00,   1.10,  0.00
:SA,   +0.00,   +0.00,  0.00
:TS,04011015281746, 0.0, +30.9,   0.0,1511.4,  0
:BI,   +19,    +8,    -2,-32768,A
:BS,    +8,   +19,    -2,A
:BE,    +8,   +19,    -2,A
:BD,      -22.22,       +22.52,       -0.00,   1.11,  0.00
:SA,   +0.00,   +0.00,  0.00
:TS,04011015281770, 0.0, +30.9,   0.0,1511.4,  0
:BI,   +22,    +5,    +5,-32768,A
:BS,   +12,   +19,    +5,A
:BE,   +12,   +19,    +5,A
:BD,      -22.22,       +22.52,       -0.00,   1.13,  0.00
:SA,   +0.00,   +0.00,  0.00
:TS,04011015281794, 0.0, +30.9,   0.0,1511.4,  0
:BI,   +21,    +0,    +7,-32768,A
:BS,   +14,   +16,    +7,A
:BE,   +14,   +16,    +7,A
:BD,      -22.21,       +22.52,       -0.00,   1.11,  0.00
:SA,   +0.00,   +0.00,  0.00
:TS,04011015281821, 0.0, +30.9,   0.0,1511.4,  0
:BI,-32768,-32768,-32768,-32768,V
:BS,-32768,-32768,-32768,V
:BE,-32768,-32768,-32768,V
:BD,      -22.21,       +22.53,       -0.00,   0.00,  0.27
:SA,   +0.00,   +0.00,  0.00
:TS,04011015281844, 0.0, +30.9,   0.0,1511.4,  0
:BI,-32768,-32768,-32768,-32768,V
:BS,-32768,-32768,-32768,V
:BE,-32768,-32768,-32768,V
:BD,      -22.21,       +22.53,       -0.00,   0.00,  0.50
:SA,   +0.00,   +0.00,  0.00
:TS,04011015281866, 0.0, +30.9,   0.0,1511.4,  0
:BI,   +25,    +3,    -1,    +1,A
:BS,   +16,   +20,    -1,A
:BE,   +16,   +20,    -1,A
:BD,      -22.21,       +22.53,       -0.00,   1.11,  0.00
:SA,   +0.00,   +0.00,  0.00
:TS,04011015281890, 0.0, +30.9,   0.0,1511.4,  0
:BI,   +31,    +7,    +1,    +1,A
:BS,   +17,   +27,    +1,A
:BE,   +17,   +27,    +1,A
:BD,      -22.21,       +22.53,       -0.00,   1.11,  0.00
:SA,   +0.00,   +0.00,  0.00
:TS,04011015281914, 0.0, +30.9,   0.0,1511.4,  0
:BI,-32768,-32768,-32768,-32768,V
:BS,-32768,-32768,-32768,V
:BE,-32768,-32768,-32768,V
:BD,      -22.21,       +22.54,       -0.00,   0.00,  0.24
:SA,   +0.00,   +0.00,  0.00
:TS,04011015281938, 0.0, +30.9,   0.0,1511.4,  0
:BI,-32768,-32768,-32768,-32768,V
:BS,-32768,-32768,-32768,V
:BE,-32768,-32768,-32768,V
:BD,      -22.20,       +22.54,       -0.00,   0.00,  0.48
:SA,   +0.00,   +0.00,  0.00
:TS,04011015281965, 0.0, +30.9,   0.0,1511.4,  0
:BI,-32768,-32768,-32768,-32768,V
:BS,-32768,-32768,-32768,V
:BE,-32768,-32768,-32768,V
:BD,      -22.20,       +22.54,       -0.00,   0.00,  0.75
:SA,   +0.00,   +0.00,  0.00
:TS,04011015281988, 0.0, +30.9,   0.0,1511.4,  0
:BI,   +31,   -20,    -5,-32768,A
:BS,   +36,    +8,    -5,A
:BE,   +36,    +8,    -5,A
:BD,      -22.20,       +22.54,       -0.00,   1.09,  0.00
:SA,   +0.00,   +0.00,  0.00
:TS,04011015282010, 0.0, +30.9,   0.0,1511.4,  0
:BI,-32768,-32768,-32768,-32768,V
:BS,-32768,-32768,-32768,V
:BE,-32768,-32768,-32768,V
:BD,      -22.20,       +22.54,       -0.00,   0.00,  0.22
:SA,   +0.00,   +0.00,  0.00
:TS,04011015282034, 0.0, +30.9,   0.0,1511.4,  0
:BI,-32768,-32768,-32768,-32768,V
:BS,-32768,-32768,-32768,V
:BE,-32768,-32768,-32768,V
:BD,      -22.20,       +22.54,       -0.00,   0.00,  0.46
:SA,   +0.00,   +0.00,  0.00
:TS,04011015282058, 0.0, +30.9,   0.0,1511.4,  0
:BI,-32768,-32768,-32768,-32768,V
:BS,-32768,-32768,-32768,V
:BE,-32768,-32768,-32768,V
:BD,      -22.20,       +22.54,       -0.00,   0.00,  0.70
:SA,   +0.00,   +0.00,  0.00
:TS,04011015282082, 0.0, +30.9,   0.0,1511.4,  0
:BI,-32768,-32768,-32768,-32768,V
:BS,-32768,-32768,-32768,V
:BE,-32768,-32768,-32768,V
:BD,      -22.20,       +22.54,       -0.00,   0.00,  0.94
:SA,   +0.00,   +0.00,  0.00
:TS,04011015282109, 0.0, +30.9,   0.0,1511.4,  0
:BI,-32768,-32768,-32768,-32768,V
:BS,-32768,-32768,-32768,V
:BE,-32768,-32768,-32768,V
:BD,      -22.19,       +22.54,       -0.00,   0.00,  1.21
:SA,   +0.00,   +0.00,  0.00
:TS,04011015282132, 0.0, +30.9,   0.0,1511.4,  0
:BI,-32768,-32768,-32768,-32768,V
:BS,-32768,-32768,-32768,V
:BE,-32768,-32768,-32768,V
:BD,      -22.19,       +22.54,       -0.00,   0.00,  1.44
:SA,   +0.00,   +0.00,  0.00
:TS,04011015282154, 0.0, +30.9,   0.0,1511.4,  0
:BI,-32768,-32768,-32768,-32768,V
:BS,-32768,-32768,-32768,V
:BE,-32768,-32768,-32768,V
:BD,      -22.19,       +22.54,       -0.00,   0.00,  1.66
:SA,   +0.00,   +0.00,  0.00
:TS,04011015282179, 0.0, +30.9,   0.0,1511.4,  0
:BI,-32768,-32768,-32768,-32768,V
:BS,-32768,-32768,-32768,V
:BE,-32768,-32768,-32768,V
:BD,      -22.19,       +22.54,       -0.00,   0.00,  1.91
:SA,   +0.00,   +0.00,  0.00
:TS,04011015282203, 0.0, +30.9,   0.0,1511.4,  0
:BI,-32768,-32768,-32768,-32768,V
:BS,-32768,-32768,-32768,V
:BE,-32768,-32768,-32768,V
:BD,      -22.19,       +22.54,       -0.00,   0.00,  2.15
:SA,   +0.00,   +0.00,  0.00
:TS,04011015282227, 0.0, +30.9,   0.0,1511.4,  0
:BI,-32768,-32768,-32768,-32768,V
:BS,-32768,-32768,-32768,V
:BE,-32768,-32768,-32768,V
:BD,      -22.19,       +22.54,       -0.00,   0.00,  2.39
:SA,   +0.00,   +0.00,  0.00
:TS,04011015282253, 0.0, +30.9,   0.0,1511.4,  0
:BI,-32768,-32768,-32768,-32768,V
:BS,-32768,-32768,-32768,V
:BE,-32768,-32768,-32768,V
:BD,      -22.19,       +22.54,       -0.00,   0.00,  2.65
:SA,   +0.00,   +0.00,  0.00
:TS,04011015282276, 0.0, +30.9,   0.0,1511.4,  0
:BI,-32768,-32768,-32768,-32768,V
:BS,-32768,-32768,-32768,V
:BE,-32768,-32768,-32768,V
:BD,      -22.19,       +22.55,       -0.00,   0.00,  2.88
:SA,   +0.00,   +0.00,  0.00
:TS,04011015282298, 0.0, +30.9,   0.0,1511.4,  0
:BI,-32768,-32768,-32768,-32768,V
:BS,-32768,-32768,-32768,V
:BE,-32768,-32768,-32768,V
:BD,      -22.19,       +22.55,       -0.00,   0.00,  3.10
:SA,   +0.00,   +0.00,  0.00
:TS,04011015282322, 0.0, +30.9,   0.0,1511.4,  0
:BI,-32768,-32768,-32768,-32768,V
:BS,-32768,-32768,-32768,V
:BE,-32768,-32768,-32768,V
:BD,      -22.19,       +22.55,       -0.00,   0.00,  3.34
:SA,   +0.00,   +0.00,  0.00
:TS,04011015282347, 0.0, +30.9,   0.0,1511.4,  0
:BI,-32768,-32768,-32768,-32768,V
:BS,-32768,-32768,-32768,V
:BE,-32768,-32768,-32768,V
:BD,      -22.19,       +22.55,       -0.00,   0.00,  3.59
:SA,   +0.00,   +0.00,  0.00
:TS,04011015282371, 0.0, +30.9,   0.0,1511.4,  0
:BI,-32768,-32768,-32768,-32768,V
:BS,-32768,-32768,-32768,V
:BE,-32768,-32768,-32768,V
:BD,      -22.19,       +22.55,       -0.00,   0.00,  3.83
:SA,   +0.00,   +0.00,  0.00
:TS,04011015282397, 0.0, +30.9,   0.0,1511.4,  0
:BI,-32768,-32768,-32768,-32768,V
:BS,-32768,-32768,-32768,V
:BE,-32768,-32768,-32768,V
:BD,      -22.19,       +22.55,       -0.00,   0.00,  4.09
:SA,   +0.00,   +0.00,  0.00
:TS,04011015282420, 0.0, +30.9,   0.0,1511.4,  0
:BI,-32768,-32768,-32768,-32768,V
:BS,-32768,-32768,-32768,V
:BE,-32768,-32768,-32768,V
:BD,      -22.19,       +22.55,       -0.00,   0.00,  4.32
:SA,   +0.00,   +0.00,  0.00
:TS,04011015282443, 0.0, +30.9,   0.0,1511.4,  0
:BI,-32768,-32768,-32768,-32768,V
:BS,-32768,-32768,-32768,V
:BE,-32768,-32768,-32768,V
:BD,      -22.19,       +22.55,       -0.00,   0.00,  4.55
:SA,   +0.00,   +0.00,  0.00
:TS,04011015282467, 0.0, +30.9,   0.0,1511.4,  0
:BI,-32768,-32768,-32768,-32768,V
:BS,-32768,-32768,-32768,V
:BE,-32768,-32768,-32768,V
:BD,      -22.19,       +22.55,       -0.00,   0.00,  4.79
:SA,   +0.00,   +0.00,  0.00
:TS,04011015282491, 0.0, +30.9,   0.0,1511.4,  0
:BI,-32768,-32768,-32768,-32768,V
:BS,-32768,-32768,-32768,V
:BE,-32768,-32768,-32768,V
:BD,      -22.19,       +22.55,       -0.00,   0.00,  5.03
:SA,   +0.00,   +0.00,  0.00
:TS,04011015282515, 0.0, +30.9,   0.0,1511.4,  0
:BI,-32768,-32768,-32768,-32768,V
:BS,-32768,-32768,-32768,V
:BE,-32768,-32768,-32768,V
:BD,      -22.19,       +22.55,       -0.00,   0.00,  5.27
:SA,   +0.00,   +0.00,  0.00
:TS,04011015282541, 0.0, +30.9,   0.0,1511.4,  0
:BI,-32768,-32768,-32768,-32768,V
:BS,-32768,-32768,-32768,V
:BE,-32768,-32768,-32768,V
:BD,      -22.19,       +22.55,       -0.00,   0.00,  5.53
:SA,   +0.00,   +0.00,  0.00
:TS,04011015282564, 0.0, +30.9,   0.0,1511.4,  0
:BI,-32768,-32768,-32768,-32768,V
:BS,-32768,-32768,-32768,V
:BE,-32768,-32768,-32768,V
:BD,      -22.19,       +22.55,       -0.00,   0.00,  5.76
:SA,   +0.00,   +0.00,  0.00
:TS,04011015282586, 0.0, +30.9,   0.0,1511.4,  0
:BI,   +25,    +2,   +10,-32768,A
:BS,   +17,   +19,   +10,A
:BE,   +17,   +19,   +10,A
:BD,      -22.19,       +22.55,       -0.00,   1.08,  0.00
:SA,   +0.00,   +0.00,  0.00
:TS,04011015282610, 0.0, +30.9,   0.0,1511.4,  0
:BI,   +32,    +4,    +7,    -4,A
:BS,   +20,   +26,    +7,A
:BE,   +20,   +26,    +7,A
:BD,      -22.19,       +22.55,       -0.00,   1.06,  0.00
:SA,   +0.00,   +0.00,  0.00
:TS,04011015282634, 0.0, +30.9,   0.0,1511.4,  0
:BI,   +19,    -6,    +4,-32768,A
:BS,   +18,    +9,    +4,A
:BE,   +18,    +9,    +4,A
:BD,      -22.19,       +22.55,        +0.00,   1.07,  0.00
:SA,   +0.00,   +0.00,  0.00
:TS,04011015282658, 0.0, +30.9,   0.0,1511.4,  0
:BI,   +16,   -11,    -3,-32768,A
:BS,   +19,    +3,    -3,A
:BE,   +19,    +3,    -3,A
:BD,      -22.18,       +22.55,        +0.00,   1.07,  0.00
:SA,   +0.00,   +0.00,  0.00
:TS,04011015282685, 0.0, +30.9,   0.0,1511.4,  0
:BI,-32768,-32768,-32768,-32768,V
:BS,-32768,-32768,-32768,V
:BE,-32768,-32768,-32768,V
:BD,      -22.18,       +22.55,        +0.00,   0.00,  0.27
:SA,   +0.00,   +0.00,  0.00
:TS,04011015282708, 0.0, +30.9,   0.0,1511.4,  0
:BI,   +38,   -23,    -5,-32768,A
:BS,   +43,   +11,    -5,A
:BE,   +43,   +11,    -5,A
:BD,      -22.18,       +22.56,        +0.00,   1.05,  0.00
:SA,   +0.00,   +0.00,  0.00
:TS,04011015282731, 0.0, +30.9,   0.0,1511.4,  0
:BI,   +49,   -16,   +10,-32768,A
:BS,   +46,   +23,   +10,A
:BE,   +46,   +23,   +10,A
:BD,      -22.17,       +22.56,        +0.00,   1.04,  0.00
:SA,   +0.00,   +0.00,  0.00
:TS,04011015282755, 0.0, +30.9,   0.0,1511.4,  0
:BI,    +9,    +6,   +15,    -4,A
:BS,    +2,   +11,   +15,A
:BE,    +2,   +11,   +15,A
:BD,      -22.17,       +22.56,        +0.00,   1.04,  0.00
:SA,   +0.00,   +0.00,  0.00
:TS,04011015282779, 0.0, +30.9,   0.0,1511.4,  0
:BI,    -1,   -14,    -1,    +5,A
:BS,    +9,   -11,    -1,A
:BE,    +9,   -11,    -1,A
:BD,      -22.16,       +22.56,        +0.00,   1.03,  0.00
:SA,   +0.00,   +0.00,  0.00
:TS,04011015282803, 0.0, +30.9,   0.0,1511.4,  0
:BI,-32768,-32768,-32768,-32768,V
:BS,-32768,-32768,-32768,V
:BE,-32768,-32768,-32768,V
:BD,      -22.16,       +22.56,        +0.00,   0.00,  0.24
:SA,   +0.00,   +0.00,  0.00
:TS,04011015282829, 0.0, +30.9,   0.0,1511.4,  0
:BI,-32768,-32768,-32768,-32768,V
:BS,-32768,-32768,-32768,V
:BE,-32768,-32768,-32768,V
:BD,      -22.16,       +22.56,        +0.01,   0.00,  0.50
:SA,   +0.00,   +0.00,  0.00
:TS,04011015282852, 0.0, +30.9,   0.0,1511.4,  0
:BI,   +46,   +17,   +19,    +0,A
:BS,   +20,   +45,   +19,A
:BE,   +20,   +45,   +19,A
:BD,      -22.15,       +22.57,        +0.01,   1.05,  0.00
:SA,   +0.00,   +0.00,  0.00
:TS,04011015282875, 0.0, +30.9,   0.0,1511.4,  0
:BI,   +31,    +8,   +16,    +0,A
:BS,   +16,   +27,   +16,A
:BE,   +16,   +27,   +16,A
:BD,      -22.15,       +22.57,        +0.01,   1.06,  0.00
:SA,   +0.00,   +0.00,  0.00
:TS,04011015282899, 0.0, +30.9,   0.0,1511.4,  0
:BI,   +18,    +0,    +3,    +2,A
:BS,   +13,   +13,    +3,A
:BE,   +13,   +13,    +3,A
:BD,      -22.15,       +22.58,        +0.01,   1.06,  0.00
:SA,   +0.00,   +0.00,  0.00
:TS,04011015282923, 0.0, +30.9,   0.0,1511.4,  0
:BI,   +22,    +2,   -10,    -2,A
:BS,   +14,   +17,   -10,A
:BE,   +14,   +17,   -10,A
:BD,      -22.15,       +22.58,        +0.01,   1.05,  0.00
:SA,   +0.00,   +0.00,  0.00
:TS,04011015282947, 0.0, +30.9,   0.0,1511.4,  0
:BI,   +21,    +7,    -9,   -18,A
:BS,   +10,   +20,    -9,A
:BE,   +10,   +20,    -9,A
:BD,      -22.14,       +22.58,        +0.01,   1.05,  0.00
:SA,   +0.00,   +0.00,  0.00
:TS,04011015282974, 0.0, +30.9,   0.0,1511.4,  0
:BI,   +25,    +5,    +3,   -13,A
:BS,   +14,   +21,    +3,A
:BE,   +14,   +21,    +3,A
:BD,      -22.14,       +22.59,        +0.01,   1.05,  0.00
:SA,   +0.00,   +0.00,  0.00
:TS,04011015282997, 0.0, +30.9,   0.0,1511.4,  0
:BI,   +34,    +2,   +14,-32768,A
:BS,   +23,   +26,   +14,A
:BE,   +23,   +26,   +14,A
:BD,      -22.14,       +22.59,        +0.01,   1.06,  0.00
:SA,   +0.00,   +0.00,  0.00
:TS,04011015283020, 0.0, +30.9,   0.0,1511.4,  0
:BI,   +27,    +2,   +10,-32768,A
:BS,   +17,   +20,   +10,A
:BE,   +17,   +20,   +10,A
:BD,      -22.13,       +22.60,        +0.01,   1.05,  0.00
:SA,   +0.00,   +0.00,  0.00
:TS,04011015283044, 0.0, +30.9,   0.0,1511.4,  0
:BI,    +8,    +6,    -5,-32768,A
:BS,    +1,   +10,    -5,A
:BE,    +1,   +10,    -5,A
:BD,      -22.13,       +22.60,        +0.01,   1.05,  0.00
:SA,   +0.00,   +0.00,  0.00
:TS,04011015283068, 0.0, +30.9,   0.0,1511.4,  0
:BI,-32768,-32768,-32768,-32768,V
:BS,-32768,-32768,-32768,V
:BE,-32768,-32768,-32768,V
:BD,      -22.13,       +22.61,        +0.01,   0.00,  0.24
:SA,   +0.00,   +0.00,  0.00
:TS,04011015283092, 0.0, +30.9,   0.0,1511.4,  0
:BI,    +3,   +10,   -16,-32768,A
:BS,    -5,    +9,   -16,A
:BE,    -5,    +9,   -16,A
:BD,      -22.13,       +22.61,        +0.01,   1.06,  0.00
:SA,   +0.00,   +0.00,  0.00
:TS,04011015283118, 0.0, +30.9,   0.0,1511.4,  0
:BI,-32768,-32768,-32768,-32768,V
:BS,-32768,-32768,-32768,V
:BE,-32768,-32768,-32768,V
:BD,      -22.12,       +22.61,        +0.01,   0.00,  0.26
:SA,   +0.00,   +0.00,  0.00
:TS,04011015283142, 0.0, +30.9,   0.0,1511.4,  0
:BI,   +19,    +8,    +7,-32768,A
:BS,    +8,   +19,    +7,A
:BE,    +8,   +19,    +7,A
:BD,      -22.12,       +22.61,        +0.01,   1.05,  0.00
:SA,   +0.00,   +0.00,  0.00
:TS,04011015283164, 0.0, +30.9,   0.0,1511.4,  0
:BI,-32768,-32768,-32768,-32768,V
:BS,-32768,-32768,-32768,V
:BE,-32768,-32768,-32768,V
:BD,      -22.12,       +22.61,        +0.01,   0.00,  0.22
:SA,   +0.00,   +0.00,  0.00
:TS,04011015283188, 0.0, +30.9,   0.0,1511.4,  0
:BI,   +18,    +3,    -3,-32768,A
:BS,   +11,   +15,    -3,A
:BE,   +11,   +15,    -3,A
:BD,      -22.12,       +22.62,        +0.01,   1.06,  0.00
:SA,   +0.00,   +0.00,  0.00
:TS,04011015283212, 0.0, +30.9,   0.0,1511.4,  0
:BI,   +16,    +0,    -3,-32768,A
:BS,   +11,   +11,    -3,A
:BE,   +11,   +11,    -3,A
:BD,      -22.12,       +22.62,        +0.01,   1.06,  0.00
:SA,   +0.00,   +0.00,  0.00
:TS,04011015283237, 0.0, +30.9,   0.0,1511.4,  0
:BI,   +14,    +6,    +2,-32768,A
:BS,    +6,   +14,    +2,A
:BE,    +6,   +14,    +2,A
:BD,      -22.12,       +22.62,        +0.01,   1.06,  0.00
:SA,   +0.00,   +0.00,  0.00
:TS,04011015283263, 0.0, +30.9,   0.0,1511.4,  0
:BI,-32768,-32768,-32768,-32768,V
:BS,-32768,-32768,-32768,V
:BE,-32768,-32768,-32768,V
:BD,      -22.12,       +22.62,        +0.01,   0.00,  0.26
:SA,   +0.00,   +0.00,  0.00
:TS,04011015283286, 0.0, +30.9,   0.0,1511.4,  0
:BI,-32768,-32768,-32768,-32768,V
:BS,-32768,-32768,-32768,V
:BE,-32768,-32768,-32768,V
:BD,      -22.12,       +22.63,        +0.01,   0.00,  0.49
:SA,   +0.00,   +0.00,  0.00
:TS,04011015283309, 0.0, +30.9,   0.0,1511.4,  0
:BI,   +37,   +24,    -8,    -4,A
:BS,    +9,   +43,    -8,A
:BE,    +9,   +43,    -8,A
:BD,      -22.11,       +22.63,        +0.01,   1.05,  0.00
:SA,   +0.00,   +0.00,  0.00
:TS,04011015283333, 0.0, +30.9,   0.0,1511.4,  0
:BI,   +38,+32768,   -11,-32768,A
:BS,-23144,+23197,   -11,A
:BE,-23144,+23197,   -11,A
:BD,      -23.50,       +24.02,        +0.01,   1.09,  0.00
:SA,   +0.00,   +0.00,  0.00
:TS,04011015283357, 0.0, +30.9,   0.0,1511.4,  0
:BI,-32768,-32768,-32768,-32768,V
:BS,-32768,-32768,-32768,V
:BE,-32768,-32768,-32768,V
:BD,      -24.54,       +25.07,        +0.01,   0.00,  0.24
:SA,   +0.00,   +0.00,  0.00
:TS,04011015283381, 0.0, +30.9,   0.0,1511.4,  0
:BI,-32768,-32768,-32768,-32768,V
:BS,-32768,-32768,-32768,V
:BE,-32768,-32768,-32768,V
:BD,      -25.32,       +25.86,        +0.01,   0.00,  0.48
:SA,   +0.00,   +0.00,  0.00
:TS,04011015283408, 0.0, +30.9,   0.0,1511.4,  0
:BI,-32768,-32768,-32768,-32768,V
:BS,-32768,-32768,-32768,V
:BE,-32768,-32768,-32768,V
:BD,      -25.98,       +26.52,        +0.01,   0.00,  0.75
:SA,   +0.00,   +0.00,  0.00
:TS,04011015283431, 0.0, +30.9,   0.0,1511.4,  0
:BI,-32768,-32768,-32768,-32768,V
:BS,-32768,-32768,-32768,V
:BE,-32768,-32768,-32768,V
:BD,      -26.40,       +26.94,        +0.01,   0.00,  0.98
:SA,   +0.00,   +0.00,  0.00
:TS,04011015283453, 0.0, +30.9,   0.0,1511.4,  0
:BI,-32768,-32768,-32768,-32768,V
:BS,-32768,-32768,-32768,V
:BE,-32768,-32768,-32768,V
:BD,      -26.70,       +27.24,        +0.01,   0.00,  1.20
:SA,   +0.00,   +0.00,  0.00
:TS,04011015283478, 0.0, +30.9,   0.0,1511.4,  0
:BI,-32768,-32768,-32768,-32768,V
:BS,-32768,-32768,-32768,V
:BE,-32768,-32768,-32768,V
:BD,      -26.96,       +27.50,        +0.01,   0.00,  1.45
:SA,   +0.00,   +0.00,  0.00
:TS,04011015283502, 0.0, +30.9,   0.0,1511.4,  0
:BI,-32768,-32768,-32768,-32768,V
:BS,-32768,-32768,-32768,V
:BE,-32768,-32768,-32768,V
:BD,      -27.15,       +27.69,        +0.01,   0.00,  1.69
:SA,   +0.00,   +0.00,  0.00
:TS,04011015283526, 0.0, +30.9,   0.0,1511.4,  0
:BI,-32768,-32768,-32768,-32768,V
:BS,-32768,-32768,-32768,V
:BE,-32768,-32768,-32768,V
:BD,      -27.29,       +27.83,        +0.01,   0.00,  1.93
:SA,   +0.00,   +0.00,  0.00
:TS,04011015283553, 0.0, +30.9,   0.0,1511.4,  0
:BI,-32768,-32768,-32768,-32768,V
:BS,-32768,-32768,-32768,V
:BE,-32768,-32768,-32768,V
:BD,      -27.40,       +27.95,        +0.01,   0.00,  2.20
:SA,   +0.00,   +0.00,  0.00
:TS,04011015283576, 0.0, +30.9,   0.0,1511.4,  0
:BI,-32768,-32768,-32768,-32768,V
:BS,-32768,-32768,-32768,V
:BE,-32768,-32768,-32768,V
:BD,      -27.48,       +28.02,        +0.01,   0.00,  2.43
:SA,   +0.00,   +0.00,  0.00
:TS,04011015283598, 0.0, +30.9,   0.0,1511.4,  0
:BI,-32768,-32768,-32768,-32768,V
:BS,-32768,-32768,-32768,V
:BE,-32768,-32768,-32768,V
:BD,      -27.53,       +28.07,        +0.01,   0.00,  2.65
:SA,   +0.00,   +0.00,  0.00
:TS,04011015283622, 0.0, +30.9,   0.0,1511.4,  0
:BI,-32768,-32768,-32768,-32768,V
:BS,-32768,-32768,-32768,V
:BE,-32768,-32768,-32768,V
:BD,      -27.58,       +28.12,        +0.01,   0.00,  2.89
:SA,   +0.00,   +0.00,  0.00
:TS,04011015283646, 0.0, +30.9,   0.0,1511.4,  0
:BI,-32768,-32768,-32768,-32768,V
:BS,-32768,-32768,-32768,V
:BE,-32768,-32768,-32768,V
:BD,      -27.61,       +28.15,        +0.01,   0.00,  3.13
:SA,   +0.00,   +0.00,  0.00
:TS,04011015283670, 0.0, +30.9,   0.0,1511.4,  0
:BI,   +26,    -9,    +5,-32768,A
:BS,   +25,   +12,    +5,A
:BE,   +25,   +12,    +5,A
:BD,      -27.63,       +28.18,        +0.01,   1.02,  0.00
:SA,   +0.00,   +0.00,  0.00
:TS,04011015283697, 0.0, +30.9,   0.0,1511.4,  0
:BI,   +22,   -10,    +1,-32768,A
:BS,   +23,    +9,    +1,A
:BE,   +23,    +9,    +1,A
:BD,      -27.65,       +28.20,        +0.01,   1.02,  0.00
:SA,   +0.00,   +0.00,  0.00
:TS,04011015283720, 0.0, +30.9,   0.0,1511.4,  0
:BI,   +25,   -18,    -6,-32768,A
:BS,   +31,    +5,    -6,A
:BE,   +31,    +5,    -6,A
:BD,      -27.66,       +28.21,        +0.01,   1.02,  0.00
:SA,   +0.00,   +0.00,  0.00
:TS,04011015283743, 0.0, +30.9,   0.0,1511.4,  0
:BI,-32768,-32768,-32768,-32768,V
:BS,-32768,-32768,-32768,V
:BE,-32768,-32768,-32768,V
:BD,      -27.67,       +28.22,        +0.01,   0.00,  0.23
:SA,   +0.00,   +0.00,  0.00
:TS,04011015283767, 0.0, +30.9,   0.0,1511.4,  0
:BI,   +37,    +0,   +19,    +4,A
:BS,   +26,   +26,   +19,A
:BE,   +26,   +26,   +19,A
:BD,      -27.67,       +28.24,        +0.01,   1.05,  0.00
:SA,   +0.00,   +0.00,  0.00
:TS,04011015283791, 0.0, +30.9,   0.0,1511.4,  0
:BI,   +47,+32767,   +24,-32768,A
:BS,-23137,+23203,   +24,A
:BE,-23137,+23203,   +24,A
:BD,      -29.06,       +29.63,        +0.01,   1.04,  0.00
:SA,   +0.00,   +0.00,  0.00
:TS,04011015283815, 0.0, +30.9,   0.0,1511.4,  0
:BI,-32768,-32768,-32768,-32768,V
:BS,-32768,-32768,-32768,V
:BE,-32768,-32768,-32768,V
:BD,      -30.11,       +30.68,        +0.01,   0.00,  0.24
:SA,   +0.00,   +0.00,  0.00
:TS,04011015283841, 0.0, +30.9,   0.0,1511.4,  0
:BI,    -1,    +5,   -17,-32768,A
:BS,    -4,    +3,   -17,A
:BE,    -4,    +3,   -17,A
:BD,      -30.95,       +31.54,        +0.01,   1.05,  0.00
:SA,   +0.00,   +0.00,  0.00
:TS,04011015283864, 0.0, +30.9,   0.0,1511.4,  0
:BI,   +27,   +11,   -20,    -2,A
:BS,   +11,   +27,   -20,A
:BE,   +11,   +27,   -20,A
:BD,      -31.52,       +32.11,        +0.01,   1.04,  0.00
:SA,   +0.00,   +0.00,  0.00
:TS,04011015283887, 0.0, +30.9,   0.0,1511.4,  0
:BI,   +23,+32768,    -5,-32768,A
:BS,-23154,+23187,    -5,A
:BE,-23154,+23187,    -5,A
:BD,      -33.27,       +33.86,        +0.01,   1.06,  0.00
:SA,   +0.00,   +0.00,  0.00
:TS,04011015283911, 0.0, +30.9,   0.0,1511.4,  0
:BI,   +33,   +15,    +5,    -4,A
:BS,   +13,   +34,    +5,A
:BE,   +13,   +34,    +5,A
:BD,      -34.64,       +35.24,        +0.01,   1.05,  0.00
:SA,   +0.00,   +0.00,  0.00
:TS,04011015283935, 0.0, +30.9,   0.0,1511.4,  0
:BI,   +42,+32768,    +1,-32768,A
:BS,-23141,+23200,    +1,A
:BE,-23141,+23200,    +1,A
:BD,      -37.06,       +37.67,        +0.01,   1.43,  0.00
:SA,   +0.00,   +0.00,  0.00
:TS,04011015283959, 0.0, +30.9,   0.0,1511.4,  0
:BI,   +47,    +9,    -7,    -1,A
:BS,   +27,   +40,    -7,A
:BE,   +27,   +40,    -7,A
:BD,      -38.87,       +39.49,        +0.01,   1.06,  0.00
:SA,   +0.00,   +0.00,  0.00
:TS,04011015283986, 0.0, +30.9,   0.0,1511.4,  0
:BI,  