....BEGIN OF PMUSIC FILE....13.3766065667
12.1922522434
11.1579456883
10.2503000217
9.4501342233
8.74163972758
8.11172201241
7.5494799516
7.0457931353
6.59299369415
6.18460430963
5.81512817173
5.4798798301
5.17484835284
4.89658611128
4.64211797678
4.40886684728
4.1945922955
3.99733980734
3.81539860512
3.64726645995
3.49162021832
3.34729101987
3.21324338224
3.08855748581
2.97241411693
2.86408182741
2.76290594885
2.66829916427
2.57973339192
2.49673277825
2.41886763144
2.34574915484
2.27702486296
2.2123745813
2.15150694711
2.09415634107
2.04008019067
1.98905659494
1.94088222776
1.8953704832
1.85234983172
1.81166236031
1.77316247364
1.73671573628
1.70219783891
1.66949367362
1.63849650552
1.6091072293
1.58123370117
1.55479013759
1.52969657326
1.50587837209
1.48326578513
1.46179355065
1.44140053187
1.42202938833
1.40362627761
1.38614058418
1.36952467274
1.35373366356
1.33872522783
1.32445940081
1.31089841135
1.29800652607
1.28574990683
1.27409648037
1.26301581882
1.25247903022
1.24245865811
1.2329285893
1.22386396918
1.21524112384
1.20703748841
1.19923154109
1.19180274231
1.18473147873
1.17799901146
1.17158742833
1.16547959974
1.15965913801
1.1541103596
1.14881825047
1.14376843386
1.13894714074
1.13434118246
1.12993792568
1.12572526929
1.12169162334
1.11782588981
1.11411744509
1.11055612429
1.10713220703
1.10383640488
1.1006598502
1.09759408649
1.09463105996
1.09176311248
1.08898297561
1.08628376583
1.08365898062
1.08110249559
1.07860856223
1.07617180641
1.07378722732
1.07145019682
1.06915645897
1.06690212961
1.0646836959
1.06249801546
1.0603423152
1.05821418943
1.0561115973
1.05403285923
1.05197665235
1.04994200467
1.04792828796
1.04593520921
1.04396280056
1.04201140768
1.0400816765
1.03817453831
1.03629119326
1.03443309215
1.03260191677
1.03079955869
1.02902809658
1.02728977238
1.02558696619
1.02392217018
1.02229796162
1.02071697532
1.01918187539
1.01769532687
1.0162599671
1.01487837723
1.01355305403
1.01228638209
1.01108060676
1.00993780794
1.00885987489
1.00784848229
1.00690506772
1.00603081073
1.00522661359
1.00449308404
1.00383052
1.00323889651
1.00271785502
1.00226669512
1.00188436878
1.0015694774
1.00132027155
1.00113465356
1.00101018317
1.00094408609
1.00093326563
1.00097431745
1.00106354734
1.00119699213
1.00137044358
1.00157947519
1.00181947193
1.00208566264
1.00237315489
1.00267697227
1.00299209367
1.00331349438
1.00363618858
1.00395527301
1.00426597127
1.00456367843
1.00484400544
1.00510282294
1.00533630396
1.00554096493
1.00571370479
1.00585184138
1.00595314497
1.00601586829
1.00603877292
1.00602115139
1.00596284505
1.00586425726
1.00572636178
1.00555070645
1.00533941185
1.00509516524
1.00482120984
1.00452132952
1.00419982934
1.0038615121
1.00351165135
1.00315596119
1.00280056332
1.00245195186
1.00211695628
1.00180270301
1.00151657623
1.00126617819
1.00105928965
1.00090383071
1.0008078226
1.00077935066
1.0008265288
1.00095746596
1.00118023446
1.00150284083
1.00193319893
1.00247910576
1.00314821989
1.00394804266
1.00488590214
1.00596893978
1.00720409998
1.00859812216
1.01015753569
1.01188865725
1.0137975908
1.01589022994
1.01817226267
1.02064917836
1.02332627693
1.02620868012
1.02930134483
1.03260907833
1.03613655544
1.03988833749
1.04386889313
1.04808262075
1.0525338728
1.0572269816
1.06216628694
1.06735616527
1.07280106057
1.07850551683
1.08447421224
1.09071199498
1.09722392079
1.10401529219
1.11109169954
1.11845906383
1.12612368138
1.13409227048
1.14237201999
1.15097064009
1.15989641514
1.16915825897
1.17876577251
1.18872930411
1.1990600126
1.20976993344
1.220872048
1.2323803565
1.24430995469
1.25667711477
1.26949937099
1.2827956102
1.29658616812
1.31089293175
1.32573944864
1.34115104383
1.35715494515
1.37378041805
1.39105891075
1.40902421119
1.42771261685
1.44716311914
1.46741760391
1.48852106996
1.51052186782
1.53347196089
1.5574272119
1.58244769744
1.60859805413
1.63594786012
1.66457205631
1.6945514121
1.72597304135
1.75893097466
1.79352679536
1.82987034725
1.86808052354
1.90828614767
1.95062695843
1.99525471349
2.04233442779
2.09204576568
2.14458460875
2.2001648249
2.25902026839
2.32140704535
2.38760608567
2.45792606862
2.53270675858
2.61232281685
2.69718816822
2.78776101512
2.88454961047
2.98811892156
3.09909834377
3.21819065527
3.34618244296
3.48395627908
3.63250498765
3.79294841482
3.96655321037
4.15475624382
4.35919242507
4.58172788395
4.8244996969
5.08996364583
5.38095187407
5.70074279009
6.05314619574
6.44260742225
6.87433530263
7.35446016317
7.89022977578
8.49025349391
9.1648077463
9.92621985614
10.7893519709
11.7722128813
12.8967326848
14.1897432606
15.6842151539
17.4208056655
19.4497667865
21.833230385
24.6478016013
27.9871902067
31.96418078
36.710384396
42.3706053736
49.0859017806
56.9554239042
65.9633946837
75.8603815971
86.0121843131
95.2932586262
102.185673089
105.226661569
103.675947594
97.9241677779
89.2707625118
79.2796603782
69.2277680157
59.9021626393
51.660608058
44.5804077142
38.5907838453
33.5597985259
29.3421217595
25.8015383503
22.819455964
20.2964855373
18.1509977554
16.3166291655
14.7396549975
....END OF PMUSIC FILE........BEGIN OF PMUSIC FILE....13.7056677759
12.4947122322
11.4356176242
10.5051435231
9.68410969291
8.95662701496
8.30947842517
7.73162205042
7.21379261937
6.74818135488
6.32817833126
5.94816450234
5.60334325371
5.28960346208
5.00340773495
4.74170083622
4.5018343492
4.2815044486
4.07870029557
3.89166107461
3.71884008751
3.55887463283
3.41056064596
3.27283127175
3.14473869719
3.02543869665
2.91417744203
2.8102802105
2.71314168738
2.62221761441
2.5370175761
2.45709875203
2.38206049126
2.31153958841
2.24520616058
2.18276003971
2.12392760883
2.06845902105
2.01612574974
1.96671842583
1.92004492461
1.87592867
1.83420712843
1.79473046886
1.75736036834
1.72196894539
1.68843780608
1.65665718926
1.62652519968
1.59794711874
1.57083478412
1.54510603075
1.52068418616
1.49749761455
1.47547930415
1.45456649348
1.43470033235
1.41582557413
1.39789029595
1.38084564422
1.36464560289
1.34924678217
1.33460822576
1.32069123493
1.30745920764
1.29487749149
1.28291324909
1.27153533473
1.2607141814
1.25042169701
1.24063116929
1.23131717826
1.22245551587
1.21402311202
1.20599796643
1.19835908592
1.19108642653
1.18416084019
1.17756402547
1.1712784821
1.16528746901
1.15957496554
1.15412563568
1.14892479502
1.14395838032
1.13921292141
1.1346755155
1.13033380346
1.12617594819
1.12219061495
1.11836695342
1.11469458155
1.11116357107
1.10776443456
1.10448811403
1.10132597099
1.09826977775
1.09531171017
1.09244434143
1.08966063705
1.08695395075
1.08431802134
1.08174697028
1.07923529994
1.07677789227
1.07437000798
1.07200728573
1.06968574155
1.06740176801
1.06515213316
1.06293397905
1.06074481954
1.05858253745
1.05644538073
1.05433195751
1.05224123006
1.05017250734
1.04812543617
1.04609999089
1.04409646144
1.04211543986
1.04015780516
1.03822470654
1.03631754505
1.03443795371
1.03258777609
1.03076904363
1.02898395159
1.02723483388
1.02552413699
1.02385439293
1.02222819172
1.02064815318
1.01911689865
1.01763702246
1.01621106358
1.01484147757
1.01353060902
1.01228066471
1.01109368762
1.00997153204
1.00891583995
1.00792801882
1.007009221
1.00616032491
1.00538191809
1.00467428239
1.0040373813
1.00347084964
1.00297398572
1.00254574608
1.00218474285
1.001889244
1.00165717628
1.00148613127
1.00137337428
1.00131585631
1.00131022904
1.00135286292
1.00143986816
1.00156711877
1.0017302794
1.00192483506
1.00214612331
1.00238936901
1.00264972122
1.00292229211
1.00320219751
1.00348459883
1.00376474597
1.00403802082
1.00429998095
1.00454640302
1.00477332553
1.0049770903
1.00515438234
1.00530226762
1.00541822826
1.00550019467
1.00554657435
1.00555627694
1.00552873514
1.00546392135
1.00536235976
1.00522513375
1.0050538886
1.0048508294
1.00461871432
1.00436084327
1.0040810423
1.00378364379
1.00347346295
1.00315577079
1.00283626414
1.00252103293
1.00221652544
1.00192951172
1.00166704581
1.00143642718
1.00124516185
1.00110092355
1.00101151544
1.00098483272
1.00102882645
1.0011514689
1.0013607208
1.00166450057
1.0020706558
1.00258693721
1.00322097507
1.00398025826
1.00487211602
1.00590370241
1.00708198343
1.0084137269
1.00990549491
1.01156363894
1.01339429749
1.01540339617
1.01759665017
1.0199795691
1.022557464
1.02533545648
1.02831849004
1.03151134331
1.0349186452
1.03854489204
1.04239446648
1.04647165811
1.05078068593
1.05532572247
1.06011091959
1.06514043597
1.0704184662
1.0759492716
1.0817372126
1.08778678283
1.0941026449
1.10068966777
1.10755296594
1.11469794033
1.12213032096
1.12985621143
1.13788213536
1.14621508476
1.15486257035
1.16383267418
1.17313410435
1.18277625218
1.19276925185
1.20312404279
1.21385243488
1.22496717688
1.23648202813
1.24841183404
1.26077260555
1.27358160304
1.28685742511
1.30062010276
1.31489119947
1.32969391792
1.34505321398
1.36099591891
1.3775508705
1.39474905432
1.41262375624
1.43121072731
1.45054836272
1.47067789618
1.49164361173
1.5134930749
1.53627738547
1.56005145444
1.58487430809
1.61080942228
1.63792509062
1.6662948308
1.69599783344
1.72711945896
1.75975178836
1.79399423465
1.82995422285
1.86774794712
1.90750121549
1.94935039349
1.99344346021
2.03994119203
2.08901849188
2.14086588435
2.19569120064
2.25372148088
2.31520512598
2.38041433689
2.44964788503
2.52323426589
2.60153529674
2.68495023025
2.77392046948
2.86893498526
2.97053655677
3.07932897903
3.1959854104
3.32125806737
3.45598951742
3.60112587315
3.75773225609
3.9270109795
4.11032299973
4.30921331096
4.52544111549
4.76101579844
5.01823998521
5.29976127421
5.60863463725
5.94839798781
6.32316406501
6.73773260789
7.19772784882
7.70976769967
8.28167271057
8.9227250318
9.64399028598
10.4587185175
11.3828442115
12.435609565
13.6403391541
15.0253964551
16.6253503235
18.4823663275
20.6478016616
23.1839001265
26.1653127632
29.6798350689
33.8271303036
38.7131258803
44.436060319
51.0579268861
58.553434184
66.7312605575
75.1370558867
82.9827408929
89.1925973498
92.6558569294
92.6473457648
89.1719684533
82.9616354876
75.1274944334
66.7409532855
58.5847102662
51.1090714804
44.5032332857
38.7918599609
33.913200176
29.7696391928
26.2559657976
23.2731841001
20.7340637702
18.5644080157
16.7023269886
15.0967340274
....END OF PMUSIC FILE........BEGIN OF PMUSIC FILE....14.1165598609
12.833903112
11.7173535269
10.7405057101
9.88178495761
9.1234765511
8.45096080933
7.85211006905
7.31681235169
6.83659392558
6.4043190866
6.01395033968
5.66035596107
5.33915485942
5.04659091637
4.77943072609
4.53487998967
4.31051484925
4.10422524069
3.91416795822
3.73872760198
3.57648395166
3.42618460107
3.28672191741
3.15711357025
3.03648601827
2.92406045644
2.81914081709
2.72110349186
2.62938850061
2.54349188058
2.46295910862
2.38737940012
2.3163807547
2.24962563946
2.1868072185
2.12764605134
2.07188719532
2.01929765669
1.96966414351
1.9227910804
1.87849885105
1.83662223924
1.79700904328
1.75951884231
1.72402189584
1.69039816043
1.6585364095
1.62833344432
1.59969338551
1.57252703592
1.54675130685
1.52228870065
1.49906684349
1.47701806287
1.4560790052
1.43619028914
1.41729619114
1.39934435969
1.38228555563
1.36607341566
1.35066423699
1.33601678095
1.32209209372
1.30885334264
1.29626566655
1.28429603884
1.27291314215
1.26208725343
1.2517901387
1.24199495631
1.23267616825
1.22380945854
1.21537165825
1.20734067644
1.1996954366
1.19241581807
1.18548260208
1.17887742188
1.17258271685
1.16658169008
1.16085826925
1.15539707059
1.15018336558
1.14520305032
1.14044261745
1.13588913018
1.13153019871
1.1273539586
1.12334905109
1.11950460532
1.11581022232
1.11225596067
1.1088323238
1.10553024874
1.10234109646
1.09925664348
1.09626907476
1.09337097787
1.09055533814
1.08781553493
1.08514533862
1.08253890848
1.07999079104
1.07749591906
1.07504961064
1.07264756869
1.07028588021
1.06796101555
1.06566982721
1.06340954825
1.06117778991
1.05897253847
1.05679215111
1.0546353506
1.05250121881
1.05038918874
1.04829903517
1.04623086371
1.04418509826
1.0421624668
1.0401639856
1.03819094169
1.03624487376
1.03432755156
1.03244095373
1.03058724433
1.02876874808
1.02698792448
1.02524734103
1.0235496455
1.02189753777
1.02029374106
1.01874097304
1.01724191677
1.0157991919
1.01441532615
1.01309272733
1.01183365611
1.01064019973
1.00951424679
1.00845746334
1.00747127045
1.00655682335
1.00571499245
1.0049463462
1.0042511361
1.00362928395
1.00308037134
1.00260363177
1.00219794524
1.00186183564
1.00159347082
1.00139066568
1.00125088807
1.00117126788
1.00114860898
1.00117940445
1.00125985478
1.00138588916
1.00155318979
1.00175721921
1.00199325034
1.00225639938
1.00254166108
1.00284394645
1.00315812244
1.00347905346
1.00380164426
1.00412088399
1.00443189084
1.00472995701
1.00501059342
1.00526957384
1.00550297779
1.00570723183
1.0058791488
1.00601596439
1.00611537074
1.00617554654
1.0061951834
1.00617350792
1.00611029946
1.00600590317
1.00586123827
1.00567780136
1.00545766494
1.005203471
1.00491841988
1.00460625471
1.00427124148
1.00391814516
1.00355220235
1.00317909055
1.00280489487
1.00243607229
1.00207941426
1.00174200783
1.001431196
1.00115453771
1.00091976785
1.00073475777
1.0006074767
1.00054595443
1.00055824552
1.00065239545
1.0008364088
1.00111821981
1.00150566535
1.00200646055
1.00262817714
1.00337822446
1.00426383332
1.00529204267
1.00646968896
1.00780339825
1.00929958103
1.01096442958
1.0128039179
1.01482380405
1.01702963484
1.01942675284
1.02202030547
1.02481525633
1.02781639838
1.0310283692
1.03445566808
1.03810267491
1.04197367089
1.04607286085
1.05040439743
1.05497240672
1.05978101567
1.06483438104
1.07013672
1.07569234227
1.08150568395
1.08758134284
1.09392411557
1.10053903619
1.1074314166
1.1146068886
1.12207144779
1.12983149922
1.137893905
1.14626603385
1.15495581271
1.16397178054
1.17332314442
1.18301983809
1.19307258309
1.2034929528
1.21429343939
1.22548752422
1.23708975171
1.24911580725
1.2615825994
1.27450834686
1.28791267071
1.30181669245
1.31624313857
1.33121645219
1.34676291272
1.36291076442
1.37969035472
1.39713428361
1.41527756529
1.43415780342
1.45381538162
1.47429367107
1.49563925698
1.51790218634
1.54113623948
1.565399228
1.59075332256
1.61726541392
1.64500751128
1.67405718255
1.70449804167
1.73642028894
1.769921311
1.80510634804
1.84208923712
1.8809932414
1.92195197688
1.96511044973
2.01062621937
2.05867070499
2.10943065554
2.16310980695
2.21993075394
2.28013706825
2.34399570088
2.41179971181
2.48387137915
2.56056574792
2.64227469071
2.72943156493
2.82251656821
2.92206291246
3.02866396134
3.14298150457
3.26575537853
3.39781468586
3.54009092132
3.69363337783
3.85962729019
4.03941527792
4.2345227795
4.44668833473
4.67789977998
4.93043768573
5.20692770256
5.51040391397
5.84438584912
6.21297252538
6.62095781761
7.07397265559
7.57866111746
8.14289952648
8.77607031178
9.48940583323
10.296421797
11.2134655088
12.2604111771
13.4615427494
14.846673778
16.4525618476
18.3246778697
20.5193784861
23.1064825593
26.1721287108
29.8215081672
34.180471676
39.3938315067
45.6160118622
52.9861293923
61.5748850352
71.2879272696
81.7199059116
91.9955755163
100.721422902
106.2417871
107.265925214
103.536401672
95.9776332595
86.1826859114
75.7052723527
65.6409311475
56.5727458037
48.7048857058
42.0217734613
36.4054270731
31.7046347146
27.7697089215
24.4670941395
21.6835851022
19.3257758988
17.3176615666
15.5977889177
....END OF PMUSIC FILE........BEGIN OF PMUSIC FILE....1.32917374701
1.33100026123
1.33281757144
1.33464240625
1.33649216029
1.3383848239
1.3403389137
1.34237340463
1.34450766417
1.34676138924
1.34915454609
1.35170731364
1.35444003043
1.35737314531
1.36052717195
1.36392264701
1.36758009203
1.37151997858
1.37576269665
1.38032852566
1.3852376079
1.39050992376
1.39616526838
1.4022232289
1.40870316205
1.41562417105
1.42300508138
1.4308644146
1.43922035939
1.44809073913
1.45749297513
1.46744404464
1.47796043274
1.48905807729
1.50075230593
1.51305776411
1.5259883334
1.53955703889
1.55377594485
1.56865603764
1.58420709499
1.60043754079
1.61735428457
1.63496254504
1.65326565707
1.67226486184
1.69195907993
1.71234466754
1.73341515624
1.75516097717
1.77756917102
1.80062308557
1.82430206342
1.84858112296
1.87343063673
1.89881601173
1.92469737773
1.95102928992
1.97776045394
2.00483348153
2.03218468666
2.05974393239
2.08743453958
2.11517326896
2.14287038834
2.17042983669
2.1977494959
2.22472158048
2.25123315353
2.27716677522
2.30240128733
2.32681273402
2.35027541508
2.37266306352
2.3938501349
2.41371319071
2.43213235347
2.44899280687
2.46418631016
2.47761269287
2.48918129424
2.49881231047
2.50643801389
2.51200381001
2.51546910226
2.51680793878
2.51600942234
2.51307787088
2.50803272443
2.50090820159
2.49175271668
2.48062807562
2.46760847504
2.45277933406
2.43623599174
2.41808230594
2.39842918949
2.37739311944
2.35509465313
2.33165698169
2.3072045482
2.28186175315
2.25575176526
2.22899545109
2.20171043218
2.1740102743
2.14600380933
2.11779458727
2.08948045266
2.06115323793
2.0328985643
2.00479573974
1.97691774308
1.94933128284
1.9220969197
1.89526924184
1.868897083
1.84302377384
1.8176874181
1.79292118589
1.76875361744
1.74520893152
1.72230733358
1.70006531952
1.67849597178
1.65760924502
1.63741223941
1.61790945987
1.5991030604
1.58099307269
1.56357761865
1.54685310698
1.53081441375
1.51545504746
1.50076729901
1.48674237727
1.47337053078
1.46064115641
1.44854289581
1.43706372023
1.42619100473
1.41591159246
1.40621184981
1.3970777132
1.38849472828
1.38044808227
1.37292263017
1.36590291548
1.35937318619
1.3533174066
1.34771926571
1.34256218277
1.33782931053
1.33350353692
1.32956748571
1.32600351661
1.32279372565
1.31991994604
1.31736375051
1.31510645517
1.31312912589
1.31141258737
1.30993743553
1.30868405369
1.30763263288
1.30676319672
1.30605563124
1.30548971979
1.30504518334
1.30470172637
1.3044390882
1.30423709993
1.30407574673
1.30393523528
1.30379606598
1.30363910949
1.30344568696
1.30319765336
1.30287748301
1.30246835636
1.30195424724
1.30132000918
1.30055145998
1.29963546315
1.29856000508
1.29731426675
1.29588868888
1.29427502929
1.29246641154
1.29045736398
1.28824384826
1.28582327687
1.28319451912
1.28035789532
1.2773151591
1.27406946791
1.27062534209
1.26698861289
1.26316636024
1.25916684088
1.25499940805
1.25067442367
1.24620316409
1.24159772088
1.23687089769
1.23203610456
1.22710725093
1.22209863847
1.217024855
1.21190067049
1.2067409361
1.20156048712
1.19637405062
1.19119615829
1.18604106507
1.18092267395
1.17585446706
1.1708494434
1.165920063
1.16107819773
1.15633508844
1.15170130825
1.14718673185
1.14280051042
1.13855105179
1.13444600567
1.13049225342
1.12669590199
1.12306228187
1.11959594846
1.11630068668
1.1131795185
1.1102347131
1.10746779944
1.10487958096
1.10247015239
1.10023891837
1.09818461387
1.09630532628
1.09459851919
1.09306105774
1.09168923565
1.09047880383
1.08942500069
1.08852258416
1.08776586543
1.08714874449
1.08666474745
1.08630706575
1.08606859708
1.0859419882
1.08591967943
1.0859939508
1.08615696975
1.08640084011
1.08671765232
1.08709953448
1.08753870402
1.08802751967
1.08855853333
1.08912454142
1.08971863531
1.09033425043
1.0909652134
1.09160578695
1.09225071193
1.09289524615
1.09353519938
1.09416696428
1.09478754278
1.09539456762
1.09598631874
1.09656173435
1.09712041642
1.09766263068
1.09818930095
1.09870199802
1.09920292297
1.09969488548
1.10018127704
1.10066603959
1.10115362986
1.10164897994
1.10215745428
1.10268480385
1.10323711775
1.10382077285
1.10444238185
1.1051087403
1.10582677302
1.10660348026
1.10744588411
1.10836097544
1.10935566169
1.11043671582
1.11161072675
1.11288405131
1.11426276805
1.11575263302
1.11735903756
1.1190869683
1.1209409694
1.12292510707
1.12504293644
1.12729747085
1.12969115358
1.13222583202
1.13490273447
1.13772244951
1.14068490801
1.14378936806
1.14703440272
1.15041789084
1.15393701113
1.15758823959
1.16136735048
1.16526942121
1.16928884106
1.17341932431
1.17765392774
1.18198507278
1.18640457264
1.19090366448
1.19547304674
1.20010292192
1.20478304468
1.20950277545
1.21425113934
1.2190168903
1.22378858038
1.22855463365
1.23330342457
1.23802336011
1.24270296538
1.24733097177
1.25189640705
1.25638868664
1.26079770507
1.26511392668
1.26932847473
1.27343321778
1.27742085236
1.28128498108
1.28502018508
1.28862208997
1.29208742454
1.29541407146
1.29860110939
1.30164884599
1.30455884158
1.30733392322
1.30997818913
1.31249700366
1.31489698294
1.31718597171
1.31937301185
1.32146830309
1.32348315685
1.32542994389
1.32732203661
....END OF PMUSIC FILE........BEGIN OF PMUSIC FILE....1.33249278986
1.33186211153
1.33122497035
1.33060011255
1.33000668889
1.32946417714
1.32899230776
1.32861099332
1.32834026201
1.32820019572
1.32821087279
1.32839231566
1.32876444336
1.32934702881
1.33015966078
1.33122171023
1.33255230074
1.33417028265
1.33609421055
1.33834232343
1.34093252728
1.34388237927
1.34720907313
1.35092942506
1.35505985942
1.3596163938
1.36461462248
1.37006969785
1.375996309
1.38240865674
1.3893204244
1.39674474367
1.40469415476
1.41318056015
1.42221517125
1.43180844723
1.44197002533
1.45270864201
1.46403204429
1.4759468907
1.48845864127
1.50157143623
1.51528796289
1.52960931065
1.54453481401
1.56006188363
1.57618582588
1.59289965143
1.61019387374
1.62805629881
1.64647180767
1.6654221339
1.6848856385
1.70483708551
1.72524742173
1.74608356506
1.76730820619
1.78887962915
1.81075155674
1.83287302748
1.85518831106
1.87763686966
1.90015337277
1.92266777295
1.94510544994
1.96738742988
1.98943068563
2.01114852314
2.03245105715
2.05324577779
2.07343820748
2.09293264495
2.11163299071
2.1294436451
2.14627046752
2.16202178214
2.17660941313
2.18994972982
2.20196468048
2.21258279223
2.22174011395
2.22938107946
2.23545926942
2.23993805232
2.2427910879
2.24400267957
2.24356796691
2.24149295336
2.23779436925
2.23249937466
2.2256451112
2.21727811586
2.20745361308
2.19623470445
2.18369147687
2.16990005128
2.15494159426
2.13890131427
2.12186746298
2.10393036063
2.08518146174
2.06571247521
2.04561455024
2.02497753629
2.00388932325
1.98243526491
1.96069768682
1.93875547749
1.91668376033
1.89455364202
1.87243203225
1.8503815288
1.82846036159
1.80672238872
1.78521713803
1.76398988729
1.74308177674
1.72252994795
1.70236770336
1.68262468152
1.66332704334
1.64449766549
1.62615633722
1.60831995768
1.59100273124
1.57421635858
1.55797022184
1.54227156252
1.52712565105
1.51253594719
1.49850425079
1.48503084263
1.47211461501
1.45975319229
1.44794304134
1.43667957222
1.42595722927
1.41576957309
1.40610935369
1.39696857536
1.38833855365
1.38020996499
1.37257288942
1.36541684698
1.35873082823
1.35250331949
1.34672232326
1.3413753744
1.33644955254
1.33193149135
1.32780738512
1.32406299324
1.32068364316
1.31765423229
1.31495922946
1.31258267661
1.31050819105
1.30871896908
1.3071977914
1.30592703106
1.30488866421
1.30406428461
1.30343512205
1.30298206539
1.30268569072
1.30252629489
1.30248393495
1.30253847371
1.30266963165
1.3028570453
1.30308033219
1.30331916217
1.30355333498
1.30376286366
1.30392806337
1.30402964494
1.30404881247
1.30396736399
1.30376779414
1.30343339781
1.30294837337
1.30229792416
1.30146835689
1.30044717543
1.29922316852
1.29778649005
1.2961287305
1.29424297819
1.29212386935
1.28976762584
1.28717207984
1.28433668485
1.28126251267
1.27795223616
1.27441009794
1.27064186537
1.26665477245
1.2624574493
1.25805984039
1.25347311268
1.24870955483
1.24378246918
1.2387060578
1.23349530427
1.22816585272
1.22273388564
1.21721600201
1.21162909704
1.20599024481
1.20031658504
1.19462521488
1.18893308662
1.18325691204
1.17761307383
1.17201754459
1.16648581358
1.16103282123
1.15567290154
1.15041973213
1.14528629169
1.14028482456
1.13542681206
1.13072295
1.12618313217
1.12181643904
1.11763113127
1.11363464769
1.10983360692
1.10623381254
1.10284026107
1.0996571525
1.09668790306
1.09393515966
1.09140081604
1.08908603005
1.08699124217
1.08511619489
1.08345995297
1.08202092437
1.08079688203
1.07978498627
1.07898180798
1.07838335261
1.07798508505
1.07778195546
1.07776842624
1.07793850017
1.07828574989
1.07880334877
1.07948410346
1.08032048788
1.08130467913
1.08242859497
1.08368393325
1.08506221292
1.08655481691
1.08815303648
1.08984811715
1.09163130577
1.09349389877
1.09542729106
1.09742302544
1.09947284202
1.10156872734
1.10370296271
1.10586817131
1.10805736361
1.11026398054
1.11248193402
1.1147056443
1.11693007368
1.11915075614
1.12136382258
1.12356602113
1.12575473249
1.12792797983
1.13008443319
1.13222340829
1.13434485965
1.1364493681
1.13853812282
1.14061289797
1.1426760243
1.14473035592
1.14677923262
1.14882643812
1.15087615474
1.15293291475
1.15500154915
1.15708713407
1.15919493551
1.16133035273
1.16349886084
1.16570595297
1.16795708253
1.1702576059
1.17261272592
1.17502743651
1.17750646885
1.18005423923
1.18267479901
1.18537178678
1.18814838309
1.19100726782
1.19395058048
1.1969798836
1.20009612939
1.20329962984
1.20659003048
1.20996628793
1.21342665152
1.21696864913
1.22058907744
1.22428399688
1.22804873146
1.23187787367
1.23576529484
1.23970416088
1.24368695398
1.24770550013
1.25175100281
1.25581408289
1.25988482488
1.26395282945
1.26800727228
1.27203696904
1.27603044635
1.27997601844
1.28386186897
1.2876761378
1.29140701188
1.29504281959
1.29857212795
1.30198384156
1.30526730245
1.30841238979
1.31140961835
1.31425023463
1.31692630941
1.31943082577
1.32175776125
1.32390216332
1.32586021697
1.32762930371
1.32920805111
1.33059637225
1.33179549473
1.33280797875
1.33363772425
1.33428996706
1.33477126442
1.33508946996
1.33525369899
1.33527428453
1.33516272507
1.33493162473
1.33459462708
1.33416634348
1.33366227708
1.33309874357
....END OF PMUSIC FILE........BEGIN OF PMUSIC FILE....1.32672194515
1.32596140251
1.32519113498
1.32442958285
1.32369560802
1.32300841777
1.32238749168
1.32185251205
1.32142329847
1.3211197468
1.3209617728
1.32096926063
1.3211620162
1.32155972532
1.32218191668
1.32304792912
1.32417688333
1.32558765724
1.32729886495
1.32932883872
1.3316956134
1.33441691292
1.33751013818
1.34099235577
1.34488028704
1.34919029659
1.35393837993
1.35914014925
1.36481081695
1.37096517601
1.37761757666
1.38478189851
1.39247151751
1.40069926695
1.40947739185
1.41881749587
1.42873048014
1.43922647321
1.4503147514
1.46200364889
1.47430045694
1.48721131154
1.50074106906
1.51489316932
1.52966948602
1.545070164
1.56109344361
1.57773547228
1.59499010377
1.6128486859
1.63129983782
1.65032921845
1.66991928799
1.69004906501
1.71069388222
1.73182514454
1.75341009375
1.77541158478
1.79778787921
1.82049246234
1.84347389078
1.86667567804
1.89003622612
1.91348881135
1.93696163287
1.96037793199
1.98365619028
2.00671041362
2.02945050811
2.05178275243
2.07361036944
2.09483419729
2.11535345789
2.13506661769
2.15387233222
2.17167046312
2.18836315252
2.20385593691
2.21805887983
2.23088770017
2.24226487141
2.2521206663
2.26039412137
2.26703389676
2.27199900868
2.27525941503
2.27679643812
2.27660301301
2.27468375513
2.27105484578
2.26574373959
2.258788703
2.25023819757
2.24015012572
2.22859095987
2.2156347783
2.20136223219
2.18585946882
2.16921703557
2.15152878769
2.13289082125
2.11340044996
2.09315524162
2.07225212717
2.05078659196
2.02885195577
2.0065387455
1.98393416145
1.96112163621
1.93818048278
1.91518562746
1.89220742142
1.86931152426
1.84655885212
1.82400558283
1.80170321044
1.77969864157
1.75803432658
1.73674841868
1.71587495495
1.69544405349
1.67548212176
1.65601207179
1.63705353816
1.61862309574
1.60073447434
1.58339876799
1.56662463709
1.55041850198
1.53478472693
1.51972579361
1.50524246386
1.49133393105
1.47799796041
1.46523101803
1.45302838891
1.44138428434
1.43029193896
1.41974369795
1.40973109487
1.40024492066
1.39127528437
1.38281166615
1.37484296316
1.36735752891
1.36034320666
1.35378735752
1.34767688371
1.34199824774
1.33673748794
1.33188023105
1.32741170236
1.32331673404
1.3195797723
1.31618488371
1.31311576166
1.31035573309
1.30788776646
1.30569448122
1.30375815949
1.30206076043
1.30058393782
1.29930906136
1.2982172421
1.2972893624
1.29650611089
1.29584802254
1.29529552426
1.29482898607
1.29442877793
1.29407533215
1.29374921137
1.29343118166
1.29310229056
1.29274394936
1.29233801917
1.29186689998
1.29131362174
1.29066193667
1.28989641157
1.28900251907
1.28796672658
1.28677658167
1.28542079263
1.28388930292
1.28217335834
1.28026556566
1.2781599418
1.27585195251
1.27333853972
1.27061813716
1.26769067354
1.26455756324
1.26122168449
1.25768734508
1.25396023618
1.25004737475
1.24595703535
1.24169867228
1.23728283314
1.23272106506
1.22802581477
1.22321032391
1.21828852098
1.21327491123
1.20818446576
1.20303251131
1.19783462158
1.19260651153
1.18736393536
1.18212258913
1.17689801869
1.17170553357
1.16656012711
1.16147640331
1.15646851049
1.15155008179
1.14673418255
1.14203326443
1.13745912593
1.1330228792
1.1287349227
1.12460491931
1.12064177957
1.11685364955
1.11324790296
1.10983113708
1.10660917203
1.10358705309
1.1007690556
1.09815869219
1.09575872195
1.09357116137
1.09159729675
1.08983769794
1.08829223319
1.08696008515
1.08583976784
1.08492914451
1.08422544662
1.08372529369
1.08342471435
1.08331916847
1.08340357058
1.08367231475
1.08411930087
1.08473796272
1.08552129774
1.08646189877
1.08755198775
1.08878345159
1.09014788021
1.09163660673
1.0932407499
1.09495125871
1.09675895897
1.0986546019
1.10062891435
1.10267265058
1.10477664511
1.10693186646
1.10912947131
1.11136085856
1.11361772296
1.11589210767
1.11817645521
1.12046365639
1.12274709644
1.12502069799
1.12727896022
1.12951699372
1.13173055067
1.13391604976
1.13607059565
1.13819199256
1.14027875185
1.14233009337
1.14434594064
1.14632690971
1.14827429201
1.15019003115
1.15207669411
1.15393743706
1.15577596619
1.15759649396
1.15940369137
1.16120263657
1.1629987605
1.16479779002
1.16660568907
1.1684285984
1.17027277451
1.17214452801
1.17405016224
1.17599591229
1.17798788497
1.18003200014
1.18213393361
1.18429906199
1.18653240976
1.18883859881
1.19122180061
1.19368569123
1.19623340939
1.19886751772
1.2015899673
1.20440206572
1.2073044487
1.21029705557
1.21337910853
1.21654909617
1.21980476106
1.2231430919
1.22656032023
1.230051922
1.23361262412
1.2372364163
1.24091656826
1.24464565261
1.24841557349
1.25221760114
1.25604241261
1.25988013847
1.26372041572
1.26755244686
1.27136506481
1.27514680373
1.27888597529
1.28257075008
1.28618924372
1.28972960701
1.2931801195
1.29652928584
1.29976593378
1.30287931313
1.30585919466
1.30869596767
1.31138073544
1.31390540716
1.31626278552
1.31844664854
1.32045182499
1.32227426204
1.32391108461
1.32536064547
1.3266225655
1.32769776366
1.32858847632
1.32929826585
1.32983201843
1.33019593126
1.33039748959
1.33044543396
1.33034971842
1.33012146043
1.32977288327
1.32931725203
1.3287688041
1.32814267532
1.32745482273
....END OF PMUSIC FILE........BEGIN OF PMUSIC FILE....1.32357416156
1.32170414391
1.31985820676
1.31805634951
1.31631871787
1.31466553347
1.31311702857
1.31169338609
1.31041468516
1.30930085223
1.30837161774
1.30764647817
1.3071446633
1.30688510836
1.30688643071
1.30716691064
1.30774447595
1.30863668954
1.30986073983
1.31143343314
1.31337118767
1.31569002839
1.31840558223
1.32153307302
1.32508731548
1.32908270774
1.33353322165
1.33845239027
1.34385329203
1.34974853074
1.35615021094
1.36306990791
1.37051863173
1.37850678473
1.38704411176
1.39613964257
1.40580162589
1.41603745445
1.42685358054
1.43825542162
1.45024725549
1.4628321048
1.47601161053
1.48978589444
1.50415341048
1.51911078533
1.53465264854
1.550771453
1.56745728649
1.58469767584
1.60247738519
1.62077821036
1.63957877197
1.65885431014
1.6785764843
1.69871318211
1.71922834194
1.74008179403
1.76122912586
1.78262157756
1.80420597391
1.82592469927
1.84771572229
1.8695126769
1.89124500604
1.91283817374
1.93421395086
1.95529077822
1.97598420985
1.99620743729
2.01587189397
2.03488793643
2.05316559691
2.07061539937
2.08714922828
2.10268123727
2.11712878254
2.1304133637
2.14246155351
2.15320589685
2.16258575881
2.17054810232
2.17704817658
2.18205009941
2.18552731893
2.18746294319
2.18784992956
2.18669112975
2.18399919003
2.17979631037
2.17411386992
2.16699192942
2.1584786246
2.14862946629
2.13750656535
2.12517780095
2.11171595146
2.09719780666
2.08170327917
2.06531453167
2.04811513439
2.03018926582
2.01162096679
1.99249345612
1.9728885137
1.95288593466
1.93256305622
1.9119943572
1.89125112848
1.87040121153
1.84950880094
1.82863430639
1.80783426864
1.78716132408
1.76666421211
1.74638781958
1.72637325693
1.70665796049
1.68727581629
1.66825730051
1.64962963268
1.63141693765
1.61364041325
1.59631850056
1.57946705449
1.56309951243
1.54722705934
1.53185878774
1.5170018515
1.50266161267
1.48884178042
1.47554454187
1.46277068448
1.45051970966
1.43878993788
1.42757860501
1.41688195038
1.40669529653
1.39701312102
1.38782912066
1.37913626847
1.37092686373
1.36319257557
1.3559244805
1.34911309432
1.3427483988
1.33681986367
1.33131646426
1.32622669542
1.32153858197
1.31723968638
1.31331711403
1.30975751657
1.30654709394
1.30367159553
1.30111632097
1.29886612124
1.2969054004
1.29521811875
1.29378779783
1.29259752786
1.29162997816
1.29086741119
1.29029170056
1.28988435378
1.28962653993
1.28949912295
1.28948270079
1.28955765071
1.28970418111
1.28990238991
1.29013232953
1.29037407849
1.29060781938
1.2908139228
1.29097303696
1.29106618219
1.29107484962
1.29098110316
1.29076768374
1.29041811454
1.28991680606
1.28924915956
1.28840166741
1.28736200894
1.28611914026
1.2846633765
1.28298646519
1.28108164936
1.27894371918
1.27656905113
1.2739556339
1.27110308028
1.26801262471
1.26468710643
1.26113093818
1.25735006089
1.25335188499
1.24914521912
1.24474018736
1.24014813605
1.23538153172
1.23045385162
1.22537946826
1.2201735297
1.21485183717
1.20943072159
1.20392692045
1.19835745655
1.19273951986
1.18709035369
1.18142714615
1.17576692776
1.17012647599
1.16452222712
1.15897019592
1.15348590326
1.14808431184
1.14277976989
1.1375859627
1.13251587179
1.12758174127
1.12279505106
1.11816649648
1.11370597369
1.10942257059
1.10532456244
1.10141941192
1.09771377294
1.09421349785
1.09092364751
1.0878485038
1.08499158429
1.08235565856
1.07994276608
1.07775423515
1.07579070294
1.07405213628
1.07253785316
1.0712465448
1.07017629831
1.0693246199
1.06868845854
1.0682642303
1.06804784328
1.06803472325
1.06821984016
1.06859773542
1.06916255033
1.06990805547
1.07082768135
1.07191455027
1.07316150952
1.07456116592
1.0761059217
1.07778801174
1.07959954211
1.08153252979
1.08357894346
1.08573074522
1.08797993301
1.0903185835
1.09273889518
1.09523323128
1.09779416231
1.10041450763
1.10308737595
1.10580620407
1.10856479363
1.11135734536
1.11417849057
1.11702331921
1.1198874045
1.12276682341
1.12565817305
1.12855858241
1.13146571951
1.1343777935
1.13729355201
1.14021227328
1.14313375344
1.14605828885
1.14898665365
1.15192007276
1.15486019047
1.15780903512
1.16076897985
1.16374270018
1.16673312839
1.16974340552
1.17277683099
1.17583681065
1.17892680341
1.18205026697
1.18521060318
1.18841110323
1.19165489325
1.19494488062
1.19828370141
1.20167366922
1.20511672597
1.20861439466
1.21216773477
1.21577730033
1.21944310118
1.22316456759
1.22694051854
1.23076913415
1.23464793225
1.23857374968
1.24254272842
1.24655030697
1.25059121717
1.25465948684
1.25874844843
1.26285075395
1.26695839644
1.27106273816
1.27515454557
1.27922403134
1.28326090332
1.28725442046
1.29119345563
1.29506656506
1.29886206419
1.30256810942
1.30617278548
1.30966419746
1.31303056722
1.3162603329
1.319342251
1.32226549973
1.3250197827
1.32759543169
1.32998350737
1.3321758967
1.33416540574
1.33594584675
1.3375121184
1.33886027789
1.33998760418
1.34089265136
1.34157529142
1.34203674597
1.34227960641
1.34230784248
1.34212679902
1.34174318132
1.34116502927
1.3404016809
1.33946372604
1.33836295092
1.33711227465
1.33572567867
1.33421813027
1.33260550143
1.330904484
1.32913250271
1.3273076268
1.32544848168
....END OF PMUSIC FILE........BEGIN OF PMUSIC FILE....1.32258883797
1.32069935639
1.31883821519
1.31702525543
1.31528046532
1.31362391192
1.31207567775
1.31065580263
1.30938423093
1.30828076416
1.3073650191
1.30665639106
1.30617402229
1.30593677512
1.30596320953
1.3062715648
1.30687974468
1.30780530571
1.30906544806
1.31067700848
1.31265645468
1.31501988057
1.31778300186
1.32096115127
1.32456927286
1.32862191478
1.33313321986
1.33811691339
1.34358628742
1.34955418098
1.35603295564
1.36303446555
1.37057002162
1.3786503489
1.38728553672
1.39648498088
1.40625731728
1.4166103464
1.42755094809
1.43908498611
1.45121720201
1.46395109792
1.47728880804
1.49123095849
1.50577651577
1.52092262372
1.53666442944
1.55299489892
1.569904623
1.58738161512
1.60541110241
1.62397531198
1.64305325516
1.66262051236
1.68264902228
1.70310687933
1.72395814404
1.74516267145
1.76667596327
1.78844904994
1.81042840922
1.83255592813
1.85476891521
1.87700017031
1.89917811845
1.92122701418
1.9430672219
1.96461557663
1.98578582832
2.00648917099
2.02663485628
2.04613088826
2.06488479444
2.08280446477
2.09979904812
2.11577989291
2.13066151631
2.14436258404
2.15680688146
2.16792425515
2.17765150396
2.1859331987
2.19272241044
2.19798132949
2.20168175927
2.2038054727
2.20434442226
2.20330079869
2.20068693793
2.19652507956
2.19084698455
2.18369342326
2.17511354819
2.16516416833
2.15390894385
2.1414175208
2.12776462617
2.11302914314
2.09729318523
2.08064118707
2.06315902705
2.04493319534
2.0260500182
2.00659494703
1.98665191837
1.96630278848
1.94562684437
1.92470039095
1.90359641241
1.88238430486
1.86112967573
1.83989420516
1.81873556348
1.79770737915
1.77685925102
1.75623679878
1.73588174605
1.71583203032
1.69612193467
1.6767822365
1.65784036893
1.63932059092
1.62124416283
1.60362952435
1.5864924723
1.56984633609
1.5537021492
1.53806881505
1.52295326627
1.50836061641
1.49429430348
1.48075622483
1.46774686315
1.45526540348
1.44330984115
1.4318770808
1.42096302675
1.41056266477
1.40067013579
1.39127880173
1.3823813039
1.37396961443
1.366035081
1.35856846551
1.35155997698
1.34499929928
1.33887561397
1.33317761895
1.32789354322
1.32301115835
1.31851778702
1.31440030932
1.31064516713
1.30723836716
1.30416548325
1.30141165832
1.29896160662
1.29679961675
1.29490955607
1.29327487697
1.2918786256
1.29070345364
1.28973163352
1.28894507774
1.28832536266
1.28785375734
1.28751125769
1.2872786264
1.28713643885
1.28706513531
1.28704507936
1.28705662279
1.28708017669
1.2870962885
1.28708572489
1.28702955964
1.28690926621
1.28670681399
1.28640476751
1.28598638738
1.28543573199
1.28473775857
1.28387842235
1.28284477239
1.28162504264
1.28020873684
1.27858670577
1.27675121564
1.27469600623
1.27241633781
1.26990902579
1.26717246238
1.26420662474
1.26101306919
1.25759491153
1.25395679351
1.25010483591
1.24604657884
1.24179091014
1.2373479828
1.23272912272
1.22794672819
1.2230141623
1.21794564011
1.21275611182
1.20746114377
1.20207679847
1.19661951539
1.19110599365
1.18555307795
1.17997764878
1.17439651792
1.16882632996
1.16328347058
1.15778398195
1.15234348573
1.1469771137
1.14169944622
1.13652445838
1.13146547367
1.1265351249
1.12174532213
1.117107227
1.11263123326
1.10832695282
1.10420320692
1.10026802196
1.09652862934
1.092991469
1.08966219606
1.08654569019
1.08364606735
1.0809666934
1.07851019945
1.07627849844
1.07427280294
1.07249364381
1.07094088967
1.06961376696
1.06851088064
1.06763023544
1.06696925753
1.06652481692
1.0662932503
1.06627038469
1.06645156175
1.066831663
1.06740513601
1.06816602162
1.06910798239
1.07022433228
1.07150806776
1.07295190021
1.07454828998
1.07628948179
1.07816754171
1.0801743955
1.08230186836
1.08454172593
1.08688571625
1.08932561273
1.09185325765
1.09446060606
1.09713976962
1.09988306021
1.10268303279
1.10553252709
1.10842470786
1.11135310306
1.11431163974
1.11729467704
1.12029703592
1.12331402535
1.12634146446
1.12937570034
1.13241362138
1.13545266566
1.13849082441
1.14152664044
1.14455920131
1.14758812746
1.1506135552
1.15363611484
1.15665690401
1.15967745653
1.16269970706
1.16572595182
1.16875880586
1.17180115716
1.17485611807
1.17792697445
1.18101713298
1.18413006714
1.18726926223
1.19043815986
1.19364010247
1.19687827811
1.20015566611
1.20347498375
1.20683863459
1.21024865865
1.21370668477
1.21721388564
1.22077093561
1.22437797182
1.22803455872
1.2317396565
1.23549159355
1.23928804341
1.24312600631
1.24700179573
1.25091103028
1.254848631
1.25880882459
1.26278515256
1.26677048677
1.27075705139
1.27473645155
1.27869970877
1.28263730317
1.2865392227
1.29039501907
1.29419387042
1.29792465049
1.30157600392
1.30513642736
1.3085943558
1.31193825361
1.31515670938
1.31823853404
1.321172861
1.32394924761
1.32655777663
1.32898915678
1.331234821
1.3332870214
1.33513891953
1.33678467104
1.33821950332
1.33943978537
1.34044308873
1.3412282388
1.34179535582
1.34214588496
1.34228261523
1.34220968695
1.34193258796
1.34145813851
1.34079446548
1.33995096622
1.3389382629
1.33776814801
1.33645352216
1.33500832498
1.33344746046
1.3317867176
1.33004268786
1.32823268022
1.3263746352
1.32448703891
....END OF PMUSIC FILE....